"block","agegrp","sex","oud","healthcare_utilization_cost_healthcare_system"
"No_Treatment","10_11","Male","Active_Noninjection",243
"No_Treatment","10_11","Male","Active_Injection",355.96
"No_Treatment","10_11","Male","Nonactive_Noninjection",162.22
"No_Treatment","10_11","Male","Nonactive_Injection",260.11
"No_Treatment","10_11","Female","Active_Noninjection",243
"No_Treatment","10_11","Female","Active_Injection",355.96
"No_Treatment","10_11","Female","Nonactive_Noninjection",162.22
"No_Treatment","10_11","Female","Nonactive_Injection",260.11
"No_Treatment","12_13","Male","Active_Noninjection",243
"No_Treatment","12_13","Male","Active_Injection",355.96
"No_Treatment","12_13","Male","Nonactive_Noninjection",162.22
"No_Treatment","12_13","Male","Nonactive_Injection",260.11
"No_Treatment","12_13","Female","Active_Noninjection",243
"No_Treatment","12_13","Female","Active_Injection",355.96
"No_Treatment","12_13","Female","Nonactive_Noninjection",162.22
"No_Treatment","12_13","Female","Nonactive_Injection",260.11
"No_Treatment","14_15","Male","Active_Noninjection",243
"No_Treatment","14_15","Male","Active_Injection",355.96
"No_Treatment","14_15","Male","Nonactive_Noninjection",162.22
"No_Treatment","14_15","Male","Nonactive_Injection",260.11
"No_Treatment","14_15","Female","Active_Noninjection",243
"No_Treatment","14_15","Female","Active_Injection",355.96
"No_Treatment","14_15","Female","Nonactive_Noninjection",162.22
"No_Treatment","14_15","Female","Nonactive_Injection",260.11
"No_Treatment","16_17","Male","Active_Noninjection",243
"No_Treatment","16_17","Male","Active_Injection",355.96
"No_Treatment","16_17","Male","Nonactive_Noninjection",162.22
"No_Treatment","16_17","Male","Nonactive_Injection",260.11
"No_Treatment","16_17","Female","Active_Noninjection",243
"No_Treatment","16_17","Female","Active_Injection",355.96
"No_Treatment","16_17","Female","Nonactive_Noninjection",162.22
"No_Treatment","16_17","Female","Nonactive_Injection",260.11
"No_Treatment","18_19","Male","Active_Noninjection",243
"No_Treatment","18_19","Male","Active_Injection",355.96
"No_Treatment","18_19","Male","Nonactive_Noninjection",162.22
"No_Treatment","18_19","Male","Nonactive_Injection",260.11
"No_Treatment","18_19","Female","Active_Noninjection",243
"No_Treatment","18_19","Female","Active_Injection",355.96
"No_Treatment","18_19","Female","Nonactive_Noninjection",162.22
"No_Treatment","18_19","Female","Nonactive_Injection",260.11
"No_Treatment","20_21","Male","Active_Noninjection",243
"No_Treatment","20_21","Male","Active_Injection",355.96
"No_Treatment","20_21","Male","Nonactive_Noninjection",162.22
"No_Treatment","20_21","Male","Nonactive_Injection",260.11
"No_Treatment","20_21","Female","Active_Noninjection",243
"No_Treatment","20_21","Female","Active_Injection",355.96
"No_Treatment","20_21","Female","Nonactive_Noninjection",162.22
"No_Treatment","20_21","Female","Nonactive_Injection",260.11
"No_Treatment","22_23","Male","Active_Noninjection",243
"No_Treatment","22_23","Male","Active_Injection",355.96
"No_Treatment","22_23","Male","Nonactive_Noninjection",162.22
"No_Treatment","22_23","Male","Nonactive_Injection",260.11
"No_Treatment","22_23","Female","Active_Noninjection",243
"No_Treatment","22_23","Female","Active_Injection",355.96
"No_Treatment","22_23","Female","Nonactive_Noninjection",162.22
"No_Treatment","22_23","Female","Nonactive_Injection",260.11
"No_Treatment","24_25","Male","Active_Noninjection",301.5
"No_Treatment","24_25","Male","Active_Injection",426.14
"No_Treatment","24_25","Male","Nonactive_Noninjection",207.635
"No_Treatment","24_25","Male","Nonactive_Injection",317.065
"No_Treatment","24_25","Female","Active_Noninjection",301.5
"No_Treatment","24_25","Female","Active_Injection",426.14
"No_Treatment","24_25","Female","Nonactive_Noninjection",207.635
"No_Treatment","24_25","Female","Nonactive_Injection",317.065
"No_Treatment","26_27","Male","Active_Noninjection",360
"No_Treatment","26_27","Male","Active_Injection",496.32
"No_Treatment","26_27","Male","Nonactive_Noninjection",253.05
"No_Treatment","26_27","Male","Nonactive_Injection",374.02
"No_Treatment","26_27","Female","Active_Noninjection",360
"No_Treatment","26_27","Female","Active_Injection",496.32
"No_Treatment","26_27","Female","Nonactive_Noninjection",253.05
"No_Treatment","26_27","Female","Nonactive_Injection",374.02
"No_Treatment","28_29","Male","Active_Noninjection",360
"No_Treatment","28_29","Male","Active_Injection",496.32
"No_Treatment","28_29","Male","Nonactive_Noninjection",253.05
"No_Treatment","28_29","Male","Nonactive_Injection",374.02
"No_Treatment","28_29","Female","Active_Noninjection",360
"No_Treatment","28_29","Female","Active_Injection",496.32
"No_Treatment","28_29","Female","Nonactive_Noninjection",253.05
"No_Treatment","28_29","Female","Nonactive_Injection",374.02
"No_Treatment","30_31","Male","Active_Noninjection",360
"No_Treatment","30_31","Male","Active_Injection",496.32
"No_Treatment","30_31","Male","Nonactive_Noninjection",253.05
"No_Treatment","30_31","Male","Nonactive_Injection",374.02
"No_Treatment","30_31","Female","Active_Noninjection",360
"No_Treatment","30_31","Female","Active_Injection",496.32
"No_Treatment","30_31","Female","Nonactive_Noninjection",253.05
"No_Treatment","30_31","Female","Nonactive_Injection",374.02
"No_Treatment","32_33","Male","Active_Noninjection",360
"No_Treatment","32_33","Male","Active_Injection",496.32
"No_Treatment","32_33","Male","Nonactive_Noninjection",253.05
"No_Treatment","32_33","Male","Nonactive_Injection",374.02
"No_Treatment","32_33","Female","Active_Noninjection",360
"No_Treatment","32_33","Female","Active_Injection",496.32
"No_Treatment","32_33","Female","Nonactive_Noninjection",253.05
"No_Treatment","32_33","Female","Nonactive_Injection",374.02
"No_Treatment","34_35","Male","Active_Noninjection",360
"No_Treatment","34_35","Male","Active_Injection",496.32
"No_Treatment","34_35","Male","Nonactive_Noninjection",253.05
"No_Treatment","34_35","Male","Nonactive_Injection",374.02
"No_Treatment","34_35","Female","Active_Noninjection",360
"No_Treatment","34_35","Female","Active_Injection",496.32
"No_Treatment","34_35","Female","Nonactive_Noninjection",253.05
"No_Treatment","34_35","Female","Nonactive_Injection",374.02
"No_Treatment","36_37","Male","Active_Noninjection",360
"No_Treatment","36_37","Male","Active_Injection",496.32
"No_Treatment","36_37","Male","Nonactive_Noninjection",253.05
"No_Treatment","36_37","Male","Nonactive_Injection",374.02
"No_Treatment","36_37","Female","Active_Noninjection",360
"No_Treatment","36_37","Female","Active_Injection",496.32
"No_Treatment","36_37","Female","Nonactive_Noninjection",253.05
"No_Treatment","36_37","Female","Nonactive_Injection",374.02
"No_Treatment","38_39","Male","Active_Noninjection",360
"No_Treatment","38_39","Male","Active_Injection",496.32
"No_Treatment","38_39","Male","Nonactive_Noninjection",253.05
"No_Treatment","38_39","Male","Nonactive_Injection",374.02
"No_Treatment","38_39","Female","Active_Noninjection",360
"No_Treatment","38_39","Female","Active_Injection",496.32
"No_Treatment","38_39","Female","Nonactive_Noninjection",253.05
"No_Treatment","38_39","Female","Nonactive_Injection",374.02
"No_Treatment","40_41","Male","Active_Noninjection",360
"No_Treatment","40_41","Male","Active_Injection",496.32
"No_Treatment","40_41","Male","Nonactive_Noninjection",253.05
"No_Treatment","40_41","Male","Nonactive_Injection",374.02
"No_Treatment","40_41","Female","Active_Noninjection",360
"No_Treatment","40_41","Female","Active_Injection",496.32
"No_Treatment","40_41","Female","Nonactive_Noninjection",253.05
"No_Treatment","40_41","Female","Nonactive_Injection",374.02
"No_Treatment","42_43","Male","Active_Noninjection",360
"No_Treatment","42_43","Male","Active_Injection",496.32
"No_Treatment","42_43","Male","Nonactive_Noninjection",253.05
"No_Treatment","42_43","Male","Nonactive_Injection",374.02
"No_Treatment","42_43","Female","Active_Noninjection",360
"No_Treatment","42_43","Female","Active_Injection",496.32
"No_Treatment","42_43","Female","Nonactive_Noninjection",253.05
"No_Treatment","42_43","Female","Nonactive_Injection",374.02
"No_Treatment","44_45","Male","Active_Noninjection",330.5
"No_Treatment","44_45","Male","Active_Injection",459.405
"No_Treatment","44_45","Male","Nonactive_Noninjection",227.51
"No_Treatment","44_45","Male","Nonactive_Injection",340.345
"No_Treatment","44_45","Female","Active_Noninjection",330.5
"No_Treatment","44_45","Female","Active_Injection",459.405
"No_Treatment","44_45","Female","Nonactive_Noninjection",227.51
"No_Treatment","44_45","Female","Nonactive_Injection",340.345
"No_Treatment","46_47","Male","Active_Noninjection",301
"No_Treatment","46_47","Male","Active_Injection",422.49
"No_Treatment","46_47","Male","Nonactive_Noninjection",201.97
"No_Treatment","46_47","Male","Nonactive_Injection",306.67
"No_Treatment","46_47","Female","Active_Noninjection",301
"No_Treatment","46_47","Female","Active_Injection",422.49
"No_Treatment","46_47","Female","Nonactive_Noninjection",201.97
"No_Treatment","46_47","Female","Nonactive_Injection",306.67
"No_Treatment","48_49","Male","Active_Noninjection",301
"No_Treatment","48_49","Male","Active_Injection",422.49
"No_Treatment","48_49","Male","Nonactive_Noninjection",201.97
"No_Treatment","48_49","Male","Nonactive_Injection",306.67
"No_Treatment","48_49","Female","Active_Noninjection",301
"No_Treatment","48_49","Female","Active_Injection",422.49
"No_Treatment","48_49","Female","Nonactive_Noninjection",201.97
"No_Treatment","48_49","Female","Nonactive_Injection",306.67
"No_Treatment","50_51","Male","Active_Noninjection",301
"No_Treatment","50_51","Male","Active_Injection",422.49
"No_Treatment","50_51","Male","Nonactive_Noninjection",201.97
"No_Treatment","50_51","Male","Nonactive_Injection",306.67
"No_Treatment","50_51","Female","Active_Noninjection",301
"No_Treatment","50_51","Female","Active_Injection",422.49
"No_Treatment","50_51","Female","Nonactive_Noninjection",201.97
"No_Treatment","50_51","Female","Nonactive_Injection",306.67
"No_Treatment","52_53","Male","Active_Noninjection",301
"No_Treatment","52_53","Male","Active_Injection",422.49
"No_Treatment","52_53","Male","Nonactive_Noninjection",201.97
"No_Treatment","52_53","Male","Nonactive_Injection",306.67
"No_Treatment","52_53","Female","Active_Noninjection",301
"No_Treatment","52_53","Female","Active_Injection",422.49
"No_Treatment","52_53","Female","Nonactive_Noninjection",201.97
"No_Treatment","52_53","Female","Nonactive_Injection",306.67
"No_Treatment","54_55","Male","Active_Noninjection",301
"No_Treatment","54_55","Male","Active_Injection",422.49
"No_Treatment","54_55","Male","Nonactive_Noninjection",201.97
"No_Treatment","54_55","Male","Nonactive_Injection",306.67
"No_Treatment","54_55","Female","Active_Noninjection",301
"No_Treatment","54_55","Female","Active_Injection",422.49
"No_Treatment","54_55","Female","Nonactive_Noninjection",201.97
"No_Treatment","54_55","Female","Nonactive_Injection",306.67
"No_Treatment","56_57","Male","Active_Noninjection",301
"No_Treatment","56_57","Male","Active_Injection",422.49
"No_Treatment","56_57","Male","Nonactive_Noninjection",201.97
"No_Treatment","56_57","Male","Nonactive_Injection",306.67
"No_Treatment","56_57","Female","Active_Noninjection",301
"No_Treatment","56_57","Female","Active_Injection",422.49
"No_Treatment","56_57","Female","Nonactive_Noninjection",201.97
"No_Treatment","56_57","Female","Nonactive_Injection",306.67
"No_Treatment","58_59","Male","Active_Noninjection",301
"No_Treatment","58_59","Male","Active_Injection",422.49
"No_Treatment","58_59","Male","Nonactive_Noninjection",201.97
"No_Treatment","58_59","Male","Nonactive_Injection",306.67
"No_Treatment","58_59","Female","Active_Noninjection",301
"No_Treatment","58_59","Female","Active_Injection",422.49
"No_Treatment","58_59","Female","Nonactive_Noninjection",201.97
"No_Treatment","58_59","Female","Nonactive_Injection",306.67
"No_Treatment","60_61","Male","Active_Noninjection",301
"No_Treatment","60_61","Male","Active_Injection",422.49
"No_Treatment","60_61","Male","Nonactive_Noninjection",201.97
"No_Treatment","60_61","Male","Nonactive_Injection",306.67
"No_Treatment","60_61","Female","Active_Noninjection",301
"No_Treatment","60_61","Female","Active_Injection",422.49
"No_Treatment","60_61","Female","Nonactive_Noninjection",201.97
"No_Treatment","60_61","Female","Nonactive_Injection",306.67
"No_Treatment","62_63","Male","Active_Noninjection",301
"No_Treatment","62_63","Male","Active_Injection",422.49
"No_Treatment","62_63","Male","Nonactive_Noninjection",201.97
"No_Treatment","62_63","Male","Nonactive_Injection",306.67
"No_Treatment","62_63","Female","Active_Noninjection",301
"No_Treatment","62_63","Female","Active_Injection",422.49
"No_Treatment","62_63","Female","Nonactive_Noninjection",201.97
"No_Treatment","62_63","Female","Nonactive_Injection",306.67
"No_Treatment","64_65","Male","Active_Noninjection",301
"No_Treatment","64_65","Male","Active_Injection",422.49
"No_Treatment","64_65","Male","Nonactive_Noninjection",201.97
"No_Treatment","64_65","Male","Nonactive_Injection",306.67
"No_Treatment","64_65","Female","Active_Noninjection",301
"No_Treatment","64_65","Female","Active_Injection",422.49
"No_Treatment","64_65","Female","Nonactive_Noninjection",201.97
"No_Treatment","64_65","Female","Nonactive_Injection",306.67
"No_Treatment","66_67","Male","Active_Noninjection",301
"No_Treatment","66_67","Male","Active_Injection",422.49
"No_Treatment","66_67","Male","Nonactive_Noninjection",201.97
"No_Treatment","66_67","Male","Nonactive_Injection",306.67
"No_Treatment","66_67","Female","Active_Noninjection",301
"No_Treatment","66_67","Female","Active_Injection",422.49
"No_Treatment","66_67","Female","Nonactive_Noninjection",201.97
"No_Treatment","66_67","Female","Nonactive_Injection",306.67
"No_Treatment","68_69","Male","Active_Noninjection",301
"No_Treatment","68_69","Male","Active_Injection",422.49
"No_Treatment","68_69","Male","Nonactive_Noninjection",201.97
"No_Treatment","68_69","Male","Nonactive_Injection",306.67
"No_Treatment","68_69","Female","Active_Noninjection",301
"No_Treatment","68_69","Female","Active_Injection",422.49
"No_Treatment","68_69","Female","Nonactive_Noninjection",201.97
"No_Treatment","68_69","Female","Nonactive_Injection",306.67
"No_Treatment","70_71","Male","Active_Noninjection",301
"No_Treatment","70_71","Male","Active_Injection",422.49
"No_Treatment","70_71","Male","Nonactive_Noninjection",201.97
"No_Treatment","70_71","Male","Nonactive_Injection",306.67
"No_Treatment","70_71","Female","Active_Noninjection",301
"No_Treatment","70_71","Female","Active_Injection",422.49
"No_Treatment","70_71","Female","Nonactive_Noninjection",201.97
"No_Treatment","70_71","Female","Nonactive_Injection",306.67
"No_Treatment","72_73","Male","Active_Noninjection",301
"No_Treatment","72_73","Male","Active_Injection",422.49
"No_Treatment","72_73","Male","Nonactive_Noninjection",201.97
"No_Treatment","72_73","Male","Nonactive_Injection",306.67
"No_Treatment","72_73","Female","Active_Noninjection",301
"No_Treatment","72_73","Female","Active_Injection",422.49
"No_Treatment","72_73","Female","Nonactive_Noninjection",201.97
"No_Treatment","72_73","Female","Nonactive_Injection",306.67
"No_Treatment","74_75","Male","Active_Noninjection",301
"No_Treatment","74_75","Male","Active_Injection",422.49
"No_Treatment","74_75","Male","Nonactive_Noninjection",201.97
"No_Treatment","74_75","Male","Nonactive_Injection",306.67
"No_Treatment","74_75","Female","Active_Noninjection",301
"No_Treatment","74_75","Female","Active_Injection",422.49
"No_Treatment","74_75","Female","Nonactive_Noninjection",201.97
"No_Treatment","74_75","Female","Nonactive_Injection",306.67
"No_Treatment","76_77","Male","Active_Noninjection",301
"No_Treatment","76_77","Male","Active_Injection",422.49
"No_Treatment","76_77","Male","Nonactive_Noninjection",201.97
"No_Treatment","76_77","Male","Nonactive_Injection",306.67
"No_Treatment","76_77","Female","Active_Noninjection",301
"No_Treatment","76_77","Female","Active_Injection",422.49
"No_Treatment","76_77","Female","Nonactive_Noninjection",201.97
"No_Treatment","76_77","Female","Nonactive_Injection",306.67
"No_Treatment","78_79","Male","Active_Noninjection",301
"No_Treatment","78_79","Male","Active_Injection",422.49
"No_Treatment","78_79","Male","Nonactive_Noninjection",201.97
"No_Treatment","78_79","Male","Nonactive_Injection",306.67
"No_Treatment","78_79","Female","Active_Noninjection",301
"No_Treatment","78_79","Female","Active_Injection",422.49
"No_Treatment","78_79","Female","Nonactive_Noninjection",201.97
"No_Treatment","78_79","Female","Nonactive_Injection",306.67
"No_Treatment","80_81","Male","Active_Noninjection",301
"No_Treatment","80_81","Male","Active_Injection",422.49
"No_Treatment","80_81","Male","Nonactive_Noninjection",201.97
"No_Treatment","80_81","Male","Nonactive_Injection",306.67
"No_Treatment","80_81","Female","Active_Noninjection",301
"No_Treatment","80_81","Female","Active_Injection",422.49
"No_Treatment","80_81","Female","Nonactive_Noninjection",201.97
"No_Treatment","80_81","Female","Nonactive_Injection",306.67
"No_Treatment","82_83","Male","Active_Noninjection",301
"No_Treatment","82_83","Male","Active_Injection",422.49
"No_Treatment","82_83","Male","Nonactive_Noninjection",201.97
"No_Treatment","82_83","Male","Nonactive_Injection",306.67
"No_Treatment","82_83","Female","Active_Noninjection",301
"No_Treatment","82_83","Female","Active_Injection",422.49
"No_Treatment","82_83","Female","Nonactive_Noninjection",201.97
"No_Treatment","82_83","Female","Nonactive_Injection",306.67
"No_Treatment","84_85","Male","Active_Noninjection",301
"No_Treatment","84_85","Male","Active_Injection",422.49
"No_Treatment","84_85","Male","Nonactive_Noninjection",201.97
"No_Treatment","84_85","Male","Nonactive_Injection",306.67
"No_Treatment","84_85","Female","Active_Noninjection",301
"No_Treatment","84_85","Female","Active_Injection",422.49
"No_Treatment","84_85","Female","Nonactive_Noninjection",201.97
"No_Treatment","84_85","Female","Nonactive_Injection",306.67
"No_Treatment","86_87","Male","Active_Noninjection",301
"No_Treatment","86_87","Male","Active_Injection",422.49
"No_Treatment","86_87","Male","Nonactive_Noninjection",201.97
"No_Treatment","86_87","Male","Nonactive_Injection",306.67
"No_Treatment","86_87","Female","Active_Noninjection",301
"No_Treatment","86_87","Female","Active_Injection",422.49
"No_Treatment","86_87","Female","Nonactive_Noninjection",201.97
"No_Treatment","86_87","Female","Nonactive_Injection",306.67
"No_Treatment","88_89","Male","Active_Noninjection",301
"No_Treatment","88_89","Male","Active_Injection",422.49
"No_Treatment","88_89","Male","Nonactive_Noninjection",201.97
"No_Treatment","88_89","Male","Nonactive_Injection",306.67
"No_Treatment","88_89","Female","Active_Noninjection",301
"No_Treatment","88_89","Female","Active_Injection",422.49
"No_Treatment","88_89","Female","Nonactive_Noninjection",201.97
"No_Treatment","88_89","Female","Nonactive_Injection",306.67
"No_Treatment","90_91","Male","Active_Noninjection",301
"No_Treatment","90_91","Male","Active_Injection",422.49
"No_Treatment","90_91","Male","Nonactive_Noninjection",201.97
"No_Treatment","90_91","Male","Nonactive_Injection",306.67
"No_Treatment","90_91","Female","Active_Noninjection",301
"No_Treatment","90_91","Female","Active_Injection",422.49
"No_Treatment","90_91","Female","Nonactive_Noninjection",201.97
"No_Treatment","90_91","Female","Nonactive_Injection",306.67
"No_Treatment","92_93","Male","Active_Noninjection",301
"No_Treatment","92_93","Male","Active_Injection",422.49
"No_Treatment","92_93","Male","Nonactive_Noninjection",201.97
"No_Treatment","92_93","Male","Nonactive_Injection",306.67
"No_Treatment","92_93","Female","Active_Noninjection",301
"No_Treatment","92_93","Female","Active_Injection",422.49
"No_Treatment","92_93","Female","Nonactive_Noninjection",201.97
"No_Treatment","92_93","Female","Nonactive_Injection",306.67
"No_Treatment","94_95","Male","Active_Noninjection",301
"No_Treatment","94_95","Male","Active_Injection",422.49
"No_Treatment","94_95","Male","Nonactive_Noninjection",201.97
"No_Treatment","94_95","Male","Nonactive_Injection",306.67
"No_Treatment","94_95","Female","Active_Noninjection",301
"No_Treatment","94_95","Female","Active_Injection",422.49
"No_Treatment","94_95","Female","Nonactive_Noninjection",201.97
"No_Treatment","94_95","Female","Nonactive_Injection",306.67
"No_Treatment","96_97","Male","Active_Noninjection",301
"No_Treatment","96_97","Male","Active_Injection",422.49
"No_Treatment","96_97","Male","Nonactive_Noninjection",201.97
"No_Treatment","96_97","Male","Nonactive_Injection",306.67
"No_Treatment","96_97","Female","Active_Noninjection",301
"No_Treatment","96_97","Female","Active_Injection",422.49
"No_Treatment","96_97","Female","Nonactive_Noninjection",201.97
"No_Treatment","96_97","Female","Nonactive_Injection",306.67
"No_Treatment","98_99","Male","Active_Noninjection",301
"No_Treatment","98_99","Male","Active_Injection",422.49
"No_Treatment","98_99","Male","Nonactive_Noninjection",201.97
"No_Treatment","98_99","Male","Nonactive_Injection",306.67
"No_Treatment","98_99","Female","Active_Noninjection",301
"No_Treatment","98_99","Female","Active_Injection",422.49
"No_Treatment","98_99","Female","Nonactive_Noninjection",201.97
"No_Treatment","98_99","Female","Nonactive_Injection",306.67
"Buprenorphine","10_11","Male","Active_Noninjection",162
"Buprenorphine","10_11","Male","Active_Injection",256
"Buprenorphine","10_11","Male","Nonactive_Noninjection",105
"Buprenorphine","10_11","Male","Nonactive_Injection",187
"Buprenorphine","10_11","Female","Active_Noninjection",162
"Buprenorphine","10_11","Female","Active_Injection",256
"Buprenorphine","10_11","Female","Nonactive_Noninjection",105
"Buprenorphine","10_11","Female","Nonactive_Injection",187
"Buprenorphine","12_13","Male","Active_Noninjection",162
"Buprenorphine","12_13","Male","Active_Injection",256
"Buprenorphine","12_13","Male","Nonactive_Noninjection",105
"Buprenorphine","12_13","Male","Nonactive_Injection",187
"Buprenorphine","12_13","Female","Active_Noninjection",162
"Buprenorphine","12_13","Female","Active_Injection",256
"Buprenorphine","12_13","Female","Nonactive_Noninjection",105
"Buprenorphine","12_13","Female","Nonactive_Injection",187
"Buprenorphine","14_15","Male","Active_Noninjection",162
"Buprenorphine","14_15","Male","Active_Injection",256
"Buprenorphine","14_15","Male","Nonactive_Noninjection",105
"Buprenorphine","14_15","Male","Nonactive_Injection",187
"Buprenorphine","14_15","Female","Active_Noninjection",162
"Buprenorphine","14_15","Female","Active_Injection",256
"Buprenorphine","14_15","Female","Nonactive_Noninjection",105
"Buprenorphine","14_15","Female","Nonactive_Injection",187
"Buprenorphine","16_17","Male","Active_Noninjection",162
"Buprenorphine","16_17","Male","Active_Injection",256
"Buprenorphine","16_17","Male","Nonactive_Noninjection",105
"Buprenorphine","16_17","Male","Nonactive_Injection",187
"Buprenorphine","16_17","Female","Active_Noninjection",162
"Buprenorphine","16_17","Female","Active_Injection",256
"Buprenorphine","16_17","Female","Nonactive_Noninjection",105
"Buprenorphine","16_17","Female","Nonactive_Injection",187
"Buprenorphine","18_19","Male","Active_Noninjection",162
"Buprenorphine","18_19","Male","Active_Injection",256
"Buprenorphine","18_19","Male","Nonactive_Noninjection",105
"Buprenorphine","18_19","Male","Nonactive_Injection",187
"Buprenorphine","18_19","Female","Active_Noninjection",162
"Buprenorphine","18_19","Female","Active_Injection",256
"Buprenorphine","18_19","Female","Nonactive_Noninjection",105
"Buprenorphine","18_19","Female","Nonactive_Injection",187
"Buprenorphine","20_21","Male","Active_Noninjection",162
"Buprenorphine","20_21","Male","Active_Injection",256
"Buprenorphine","20_21","Male","Nonactive_Noninjection",105
"Buprenorphine","20_21","Male","Nonactive_Injection",187
"Buprenorphine","20_21","Female","Active_Noninjection",162
"Buprenorphine","20_21","Female","Active_Injection",256
"Buprenorphine","20_21","Female","Nonactive_Noninjection",105
"Buprenorphine","20_21","Female","Nonactive_Injection",187
"Buprenorphine","22_23","Male","Active_Noninjection",162
"Buprenorphine","22_23","Male","Active_Injection",256
"Buprenorphine","22_23","Male","Nonactive_Noninjection",105
"Buprenorphine","22_23","Male","Nonactive_Injection",187
"Buprenorphine","22_23","Female","Active_Noninjection",162
"Buprenorphine","22_23","Female","Active_Injection",256
"Buprenorphine","22_23","Female","Nonactive_Noninjection",105
"Buprenorphine","22_23","Female","Nonactive_Injection",187
"Buprenorphine","24_25","Male","Active_Noninjection",204.5
"Buprenorphine","24_25","Male","Active_Injection",308.5
"Buprenorphine","24_25","Male","Nonactive_Noninjection",136.5
"Buprenorphine","24_25","Male","Nonactive_Injection",228.02
"Buprenorphine","24_25","Female","Active_Noninjection",204.5
"Buprenorphine","24_25","Female","Active_Injection",308.5
"Buprenorphine","24_25","Female","Nonactive_Noninjection",136.5
"Buprenorphine","24_25","Female","Nonactive_Injection",228.02
"Buprenorphine","26_27","Male","Active_Noninjection",247
"Buprenorphine","26_27","Male","Active_Injection",361
"Buprenorphine","26_27","Male","Nonactive_Noninjection",168
"Buprenorphine","26_27","Male","Nonactive_Injection",269.04
"Buprenorphine","26_27","Female","Active_Noninjection",247
"Buprenorphine","26_27","Female","Active_Injection",361
"Buprenorphine","26_27","Female","Nonactive_Noninjection",168
"Buprenorphine","26_27","Female","Nonactive_Injection",269.04
"Buprenorphine","28_29","Male","Active_Noninjection",247
"Buprenorphine","28_29","Male","Active_Injection",361
"Buprenorphine","28_29","Male","Nonactive_Noninjection",168
"Buprenorphine","28_29","Male","Nonactive_Injection",269.04
"Buprenorphine","28_29","Female","Active_Noninjection",247
"Buprenorphine","28_29","Female","Active_Injection",361
"Buprenorphine","28_29","Female","Nonactive_Noninjection",168
"Buprenorphine","28_29","Female","Nonactive_Injection",269.04
"Buprenorphine","30_31","Male","Active_Noninjection",247
"Buprenorphine","30_31","Male","Active_Injection",361
"Buprenorphine","30_31","Male","Nonactive_Noninjection",168
"Buprenorphine","30_31","Male","Nonactive_Injection",269.04
"Buprenorphine","30_31","Female","Active_Noninjection",247
"Buprenorphine","30_31","Female","Active_Injection",361
"Buprenorphine","30_31","Female","Nonactive_Noninjection",168
"Buprenorphine","30_31","Female","Nonactive_Injection",269.04
"Buprenorphine","32_33","Male","Active_Noninjection",247
"Buprenorphine","32_33","Male","Active_Injection",361
"Buprenorphine","32_33","Male","Nonactive_Noninjection",168
"Buprenorphine","32_33","Male","Nonactive_Injection",269.04
"Buprenorphine","32_33","Female","Active_Noninjection",247
"Buprenorphine","32_33","Female","Active_Injection",361
"Buprenorphine","32_33","Female","Nonactive_Noninjection",168
"Buprenorphine","32_33","Female","Nonactive_Injection",269.04
"Buprenorphine","34_35","Male","Active_Noninjection",247
"Buprenorphine","34_35","Male","Active_Injection",361
"Buprenorphine","34_35","Male","Nonactive_Noninjection",168
"Buprenorphine","34_35","Male","Nonactive_Injection",269.04
"Buprenorphine","34_35","Female","Active_Noninjection",247
"Buprenorphine","34_35","Female","Active_Injection",361
"Buprenorphine","34_35","Female","Nonactive_Noninjection",168
"Buprenorphine","34_35","Female","Nonactive_Injection",269.04
"Buprenorphine","36_37","Male","Active_Noninjection",247
"Buprenorphine","36_37","Male","Active_Injection",361
"Buprenorphine","36_37","Male","Nonactive_Noninjection",168
"Buprenorphine","36_37","Male","Nonactive_Injection",269.04
"Buprenorphine","36_37","Female","Active_Noninjection",247
"Buprenorphine","36_37","Female","Active_Injection",361
"Buprenorphine","36_37","Female","Nonactive_Noninjection",168
"Buprenorphine","36_37","Female","Nonactive_Injection",269.04
"Buprenorphine","38_39","Male","Active_Noninjection",247
"Buprenorphine","38_39","Male","Active_Injection",361
"Buprenorphine","38_39","Male","Nonactive_Noninjection",168
"Buprenorphine","38_39","Male","Nonactive_Injection",269.04
"Buprenorphine","38_39","Female","Active_Noninjection",247
"Buprenorphine","38_39","Female","Active_Injection",361
"Buprenorphine","38_39","Female","Nonactive_Noninjection",168
"Buprenorphine","38_39","Female","Nonactive_Injection",269.04
"Buprenorphine","40_41","Male","Active_Noninjection",247
"Buprenorphine","40_41","Male","Active_Injection",361
"Buprenorphine","40_41","Male","Nonactive_Noninjection",168
"Buprenorphine","40_41","Male","Nonactive_Injection",269.04
"Buprenorphine","40_41","Female","Active_Noninjection",247
"Buprenorphine","40_41","Female","Active_Injection",361
"Buprenorphine","40_41","Female","Nonactive_Noninjection",168
"Buprenorphine","40_41","Female","Nonactive_Injection",269.04
"Buprenorphine","42_43","Male","Active_Noninjection",247
"Buprenorphine","42_43","Male","Active_Injection",361
"Buprenorphine","42_43","Male","Nonactive_Noninjection",168
"Buprenorphine","42_43","Male","Nonactive_Injection",269.04
"Buprenorphine","42_43","Female","Active_Noninjection",247
"Buprenorphine","42_43","Female","Active_Injection",361
"Buprenorphine","42_43","Female","Nonactive_Noninjection",168
"Buprenorphine","42_43","Female","Nonactive_Injection",269.04
"Buprenorphine","44_45","Male","Active_Noninjection",227.5
"Buprenorphine","44_45","Male","Active_Injection",336.5
"Buprenorphine","44_45","Male","Nonactive_Noninjection",151
"Buprenorphine","44_45","Male","Nonactive_Injection",246.52
"Buprenorphine","44_45","Female","Active_Noninjection",227.5
"Buprenorphine","44_45","Female","Active_Injection",336.5
"Buprenorphine","44_45","Female","Nonactive_Noninjection",151
"Buprenorphine","44_45","Female","Nonactive_Injection",246.52
"Buprenorphine","46_47","Male","Active_Noninjection",208
"Buprenorphine","46_47","Male","Active_Injection",312
"Buprenorphine","46_47","Male","Nonactive_Noninjection",134
"Buprenorphine","46_47","Male","Nonactive_Injection",224
"Buprenorphine","46_47","Female","Active_Noninjection",208
"Buprenorphine","46_47","Female","Active_Injection",312
"Buprenorphine","46_47","Female","Nonactive_Noninjection",134
"Buprenorphine","46_47","Female","Nonactive_Injection",224
"Buprenorphine","48_49","Male","Active_Noninjection",208
"Buprenorphine","48_49","Male","Active_Injection",312
"Buprenorphine","48_49","Male","Nonactive_Noninjection",134
"Buprenorphine","48_49","Male","Nonactive_Injection",224
"Buprenorphine","48_49","Female","Active_Noninjection",208
"Buprenorphine","48_49","Female","Active_Injection",312
"Buprenorphine","48_49","Female","Nonactive_Noninjection",134
"Buprenorphine","48_49","Female","Nonactive_Injection",224
"Buprenorphine","50_51","Male","Active_Noninjection",208
"Buprenorphine","50_51","Male","Active_Injection",312
"Buprenorphine","50_51","Male","Nonactive_Noninjection",134
"Buprenorphine","50_51","Male","Nonactive_Injection",224
"Buprenorphine","50_51","Female","Active_Noninjection",208
"Buprenorphine","50_51","Female","Active_Injection",312
"Buprenorphine","50_51","Female","Nonactive_Noninjection",134
"Buprenorphine","50_51","Female","Nonactive_Injection",224
"Buprenorphine","52_53","Male","Active_Noninjection",208
"Buprenorphine","52_53","Male","Active_Injection",312
"Buprenorphine","52_53","Male","Nonactive_Noninjection",134
"Buprenorphine","52_53","Male","Nonactive_Injection",224
"Buprenorphine","52_53","Female","Active_Noninjection",208
"Buprenorphine","52_53","Female","Active_Injection",312
"Buprenorphine","52_53","Female","Nonactive_Noninjection",134
"Buprenorphine","52_53","Female","Nonactive_Injection",224
"Buprenorphine","54_55","Male","Active_Noninjection",208
"Buprenorphine","54_55","Male","Active_Injection",312
"Buprenorphine","54_55","Male","Nonactive_Noninjection",134
"Buprenorphine","54_55","Male","Nonactive_Injection",224
"Buprenorphine","54_55","Female","Active_Noninjection",208
"Buprenorphine","54_55","Female","Active_Injection",312
"Buprenorphine","54_55","Female","Nonactive_Noninjection",134
"Buprenorphine","54_55","Female","Nonactive_Injection",224
"Buprenorphine","56_57","Male","Active_Noninjection",208
"Buprenorphine","56_57","Male","Active_Injection",312
"Buprenorphine","56_57","Male","Nonactive_Noninjection",134
"Buprenorphine","56_57","Male","Nonactive_Injection",224
"Buprenorphine","56_57","Female","Active_Noninjection",208
"Buprenorphine","56_57","Female","Active_Injection",312
"Buprenorphine","56_57","Female","Nonactive_Noninjection",134
"Buprenorphine","56_57","Female","Nonactive_Injection",224
"Buprenorphine","58_59","Male","Active_Noninjection",208
"Buprenorphine","58_59","Male","Active_Injection",312
"Buprenorphine","58_59","Male","Nonactive_Noninjection",134
"Buprenorphine","58_59","Male","Nonactive_Injection",224
"Buprenorphine","58_59","Female","Active_Noninjection",208
"Buprenorphine","58_59","Female","Active_Injection",312
"Buprenorphine","58_59","Female","Nonactive_Noninjection",134
"Buprenorphine","58_59","Female","Nonactive_Injection",224
"Buprenorphine","60_61","Male","Active_Noninjection",208
"Buprenorphine","60_61","Male","Active_Injection",312
"Buprenorphine","60_61","Male","Nonactive_Noninjection",134
"Buprenorphine","60_61","Male","Nonactive_Injection",224
"Buprenorphine","60_61","Female","Active_Noninjection",208
"Buprenorphine","60_61","Female","Active_Injection",312
"Buprenorphine","60_61","Female","Nonactive_Noninjection",134
"Buprenorphine","60_61","Female","Nonactive_Injection",224
"Buprenorphine","62_63","Male","Active_Noninjection",208
"Buprenorphine","62_63","Male","Active_Injection",312
"Buprenorphine","62_63","Male","Nonactive_Noninjection",134
"Buprenorphine","62_63","Male","Nonactive_Injection",224
"Buprenorphine","62_63","Female","Active_Noninjection",208
"Buprenorphine","62_63","Female","Active_Injection",312
"Buprenorphine","62_63","Female","Nonactive_Noninjection",134
"Buprenorphine","62_63","Female","Nonactive_Injection",224
"Buprenorphine","64_65","Male","Active_Noninjection",208
"Buprenorphine","64_65","Male","Active_Injection",312
"Buprenorphine","64_65","Male","Nonactive_Noninjection",134
"Buprenorphine","64_65","Male","Nonactive_Injection",224
"Buprenorphine","64_65","Female","Active_Noninjection",208
"Buprenorphine","64_65","Female","Active_Injection",312
"Buprenorphine","64_65","Female","Nonactive_Noninjection",134
"Buprenorphine","64_65","Female","Nonactive_Injection",224
"Buprenorphine","66_67","Male","Active_Noninjection",208
"Buprenorphine","66_67","Male","Active_Injection",312
"Buprenorphine","66_67","Male","Nonactive_Noninjection",134
"Buprenorphine","66_67","Male","Nonactive_Injection",224
"Buprenorphine","66_67","Female","Active_Noninjection",208
"Buprenorphine","66_67","Female","Active_Injection",312
"Buprenorphine","66_67","Female","Nonactive_Noninjection",134
"Buprenorphine","66_67","Female","Nonactive_Injection",224
"Buprenorphine","68_69","Male","Active_Noninjection",208
"Buprenorphine","68_69","Male","Active_Injection",312
"Buprenorphine","68_69","Male","Nonactive_Noninjection",134
"Buprenorphine","68_69","Male","Nonactive_Injection",224
"Buprenorphine","68_69","Female","Active_Noninjection",208
"Buprenorphine","68_69","Female","Active_Injection",312
"Buprenorphine","68_69","Female","Nonactive_Noninjection",134
"Buprenorphine","68_69","Female","Nonactive_Injection",224
"Buprenorphine","70_71","Male","Active_Noninjection",208
"Buprenorphine","70_71","Male","Active_Injection",312
"Buprenorphine","70_71","Male","Nonactive_Noninjection",134
"Buprenorphine","70_71","Male","Nonactive_Injection",224
"Buprenorphine","70_71","Female","Active_Noninjection",208
"Buprenorphine","70_71","Female","Active_Injection",312
"Buprenorphine","70_71","Female","Nonactive_Noninjection",134
"Buprenorphine","70_71","Female","Nonactive_Injection",224
"Buprenorphine","72_73","Male","Active_Noninjection",208
"Buprenorphine","72_73","Male","Active_Injection",312
"Buprenorphine","72_73","Male","Nonactive_Noninjection",134
"Buprenorphine","72_73","Male","Nonactive_Injection",224
"Buprenorphine","72_73","Female","Active_Noninjection",208
"Buprenorphine","72_73","Female","Active_Injection",312
"Buprenorphine","72_73","Female","Nonactive_Noninjection",134
"Buprenorphine","72_73","Female","Nonactive_Injection",224
"Buprenorphine","74_75","Male","Active_Noninjection",208
"Buprenorphine","74_75","Male","Active_Injection",312
"Buprenorphine","74_75","Male","Nonactive_Noninjection",134
"Buprenorphine","74_75","Male","Nonactive_Injection",224
"Buprenorphine","74_75","Female","Active_Noninjection",208
"Buprenorphine","74_75","Female","Active_Injection",312
"Buprenorphine","74_75","Female","Nonactive_Noninjection",134
"Buprenorphine","74_75","Female","Nonactive_Injection",224
"Buprenorphine","76_77","Male","Active_Noninjection",208
"Buprenorphine","76_77","Male","Active_Injection",312
"Buprenorphine","76_77","Male","Nonactive_Noninjection",134
"Buprenorphine","76_77","Male","Nonactive_Injection",224
"Buprenorphine","76_77","Female","Active_Noninjection",208
"Buprenorphine","76_77","Female","Active_Injection",312
"Buprenorphine","76_77","Female","Nonactive_Noninjection",134
"Buprenorphine","76_77","Female","Nonactive_Injection",224
"Buprenorphine","78_79","Male","Active_Noninjection",208
"Buprenorphine","78_79","Male","Active_Injection",312
"Buprenorphine","78_79","Male","Nonactive_Noninjection",134
"Buprenorphine","78_79","Male","Nonactive_Injection",224
"Buprenorphine","78_79","Female","Active_Noninjection",208
"Buprenorphine","78_79","Female","Active_Injection",312
"Buprenorphine","78_79","Female","Nonactive_Noninjection",134
"Buprenorphine","78_79","Female","Nonactive_Injection",224
"Buprenorphine","80_81","Male","Active_Noninjection",208
"Buprenorphine","80_81","Male","Active_Injection",312
"Buprenorphine","80_81","Male","Nonactive_Noninjection",134
"Buprenorphine","80_81","Male","Nonactive_Injection",224
"Buprenorphine","80_81","Female","Active_Noninjection",208
"Buprenorphine","80_81","Female","Active_Injection",312
"Buprenorphine","80_81","Female","Nonactive_Noninjection",134
"Buprenorphine","80_81","Female","Nonactive_Injection",224
"Buprenorphine","82_83","Male","Active_Noninjection",208
"Buprenorphine","82_83","Male","Active_Injection",312
"Buprenorphine","82_83","Male","Nonactive_Noninjection",134
"Buprenorphine","82_83","Male","Nonactive_Injection",224
"Buprenorphine","82_83","Female","Active_Noninjection",208
"Buprenorphine","82_83","Female","Active_Injection",312
"Buprenorphine","82_83","Female","Nonactive_Noninjection",134
"Buprenorphine","82_83","Female","Nonactive_Injection",224
"Buprenorphine","84_85","Male","Active_Noninjection",208
"Buprenorphine","84_85","Male","Active_Injection",312
"Buprenorphine","84_85","Male","Nonactive_Noninjection",134
"Buprenorphine","84_85","Male","Nonactive_Injection",224
"Buprenorphine","84_85","Female","Active_Noninjection",208
"Buprenorphine","84_85","Female","Active_Injection",312
"Buprenorphine","84_85","Female","Nonactive_Noninjection",134
"Buprenorphine","84_85","Female","Nonactive_Injection",224
"Buprenorphine","86_87","Male","Active_Noninjection",208
"Buprenorphine","86_87","Male","Active_Injection",312
"Buprenorphine","86_87","Male","Nonactive_Noninjection",134
"Buprenorphine","86_87","Male","Nonactive_Injection",224
"Buprenorphine","86_87","Female","Active_Noninjection",208
"Buprenorphine","86_87","Female","Active_Injection",312
"Buprenorphine","86_87","Female","Nonactive_Noninjection",134
"Buprenorphine","86_87","Female","Nonactive_Injection",224
"Buprenorphine","88_89","Male","Active_Noninjection",208
"Buprenorphine","88_89","Male","Active_Injection",312
"Buprenorphine","88_89","Male","Nonactive_Noninjection",134
"Buprenorphine","88_89","Male","Nonactive_Injection",224
"Buprenorphine","88_89","Female","Active_Noninjection",208
"Buprenorphine","88_89","Female","Active_Injection",312
"Buprenorphine","88_89","Female","Nonactive_Noninjection",134
"Buprenorphine","88_89","Female","Nonactive_Injection",224
"Buprenorphine","90_91","Male","Active_Noninjection",208
"Buprenorphine","90_91","Male","Active_Injection",312
"Buprenorphine","90_91","Male","Nonactive_Noninjection",134
"Buprenorphine","90_91","Male","Nonactive_Injection",224
"Buprenorphine","90_91","Female","Active_Noninjection",208
"Buprenorphine","90_91","Female","Active_Injection",312
"Buprenorphine","90_91","Female","Nonactive_Noninjection",134
"Buprenorphine","90_91","Female","Nonactive_Injection",224
"Buprenorphine","92_93","Male","Active_Noninjection",208
"Buprenorphine","92_93","Male","Active_Injection",312
"Buprenorphine","92_93","Male","Nonactive_Noninjection",134
"Buprenorphine","92_93","Male","Nonactive_Injection",224
"Buprenorphine","92_93","Female","Active_Noninjection",208
"Buprenorphine","92_93","Female","Active_Injection",312
"Buprenorphine","92_93","Female","Nonactive_Noninjection",134
"Buprenorphine","92_93","Female","Nonactive_Injection",224
"Buprenorphine","94_95","Male","Active_Noninjection",208
"Buprenorphine","94_95","Male","Active_Injection",312
"Buprenorphine","94_95","Male","Nonactive_Noninjection",134
"Buprenorphine","94_95","Male","Nonactive_Injection",224
"Buprenorphine","94_95","Female","Active_Noninjection",208
"Buprenorphine","94_95","Female","Active_Injection",312
"Buprenorphine","94_95","Female","Nonactive_Noninjection",134
"Buprenorphine","94_95","Female","Nonactive_Injection",224
"Buprenorphine","96_97","Male","Active_Noninjection",208
"Buprenorphine","96_97","Male","Active_Injection",312
"Buprenorphine","96_97","Male","Nonactive_Noninjection",134
"Buprenorphine","96_97","Male","Nonactive_Injection",224
"Buprenorphine","96_97","Female","Active_Noninjection",208
"Buprenorphine","96_97","Female","Active_Injection",312
"Buprenorphine","96_97","Female","Nonactive_Noninjection",134
"Buprenorphine","96_97","Female","Nonactive_Injection",224
"Buprenorphine","98_99","Male","Active_Noninjection",208
"Buprenorphine","98_99","Male","Active_Injection",312
"Buprenorphine","98_99","Male","Nonactive_Noninjection",134
"Buprenorphine","98_99","Male","Nonactive_Injection",224
"Buprenorphine","98_99","Female","Active_Noninjection",208
"Buprenorphine","98_99","Female","Active_Injection",312
"Buprenorphine","98_99","Female","Nonactive_Noninjection",134
"Buprenorphine","98_99","Female","Nonactive_Injection",224
"Naltrexone","10_11","Male","Active_Noninjection",222
"Naltrexone","10_11","Male","Active_Injection",323
"Naltrexone","10_11","Male","Nonactive_Noninjection",143
"Naltrexone","10_11","Male","Nonactive_Injection",230
"Naltrexone","10_11","Female","Active_Noninjection",222
"Naltrexone","10_11","Female","Active_Injection",323
"Naltrexone","10_11","Female","Nonactive_Noninjection",143
"Naltrexone","10_11","Female","Nonactive_Injection",230
"Naltrexone","12_13","Male","Active_Noninjection",222
"Naltrexone","12_13","Male","Active_Injection",323
"Naltrexone","12_13","Male","Nonactive_Noninjection",143
"Naltrexone","12_13","Male","Nonactive_Injection",230
"Naltrexone","12_13","Female","Active_Noninjection",222
"Naltrexone","12_13","Female","Active_Injection",323
"Naltrexone","12_13","Female","Nonactive_Noninjection",143
"Naltrexone","12_13","Female","Nonactive_Injection",230
"Naltrexone","14_15","Male","Active_Noninjection",222
"Naltrexone","14_15","Male","Active_Injection",323
"Naltrexone","14_15","Male","Nonactive_Noninjection",143
"Naltrexone","14_15","Male","Nonactive_Injection",230
"Naltrexone","14_15","Female","Active_Noninjection",222
"Naltrexone","14_15","Female","Active_Injection",323
"Naltrexone","14_15","Female","Nonactive_Noninjection",143
"Naltrexone","14_15","Female","Nonactive_Injection",230
"Naltrexone","16_17","Male","Active_Noninjection",222
"Naltrexone","16_17","Male","Active_Injection",323
"Naltrexone","16_17","Male","Nonactive_Noninjection",143
"Naltrexone","16_17","Male","Nonactive_Injection",230
"Naltrexone","16_17","Female","Active_Noninjection",222
"Naltrexone","16_17","Female","Active_Injection",323
"Naltrexone","16_17","Female","Nonactive_Noninjection",143
"Naltrexone","16_17","Female","Nonactive_Injection",230
"Naltrexone","18_19","Male","Active_Noninjection",222
"Naltrexone","18_19","Male","Active_Injection",323
"Naltrexone","18_19","Male","Nonactive_Noninjection",143
"Naltrexone","18_19","Male","Nonactive_Injection",230
"Naltrexone","18_19","Female","Active_Noninjection",222
"Naltrexone","18_19","Female","Active_Injection",323
"Naltrexone","18_19","Female","Nonactive_Noninjection",143
"Naltrexone","18_19","Female","Nonactive_Injection",230
"Naltrexone","20_21","Male","Active_Noninjection",222
"Naltrexone","20_21","Male","Active_Injection",323
"Naltrexone","20_21","Male","Nonactive_Noninjection",143
"Naltrexone","20_21","Male","Nonactive_Injection",230
"Naltrexone","20_21","Female","Active_Noninjection",222
"Naltrexone","20_21","Female","Active_Injection",323
"Naltrexone","20_21","Female","Nonactive_Noninjection",143
"Naltrexone","20_21","Female","Nonactive_Injection",230
"Naltrexone","22_23","Male","Active_Noninjection",222
"Naltrexone","22_23","Male","Active_Injection",323
"Naltrexone","22_23","Male","Nonactive_Noninjection",143
"Naltrexone","22_23","Male","Nonactive_Injection",230
"Naltrexone","22_23","Female","Active_Noninjection",222
"Naltrexone","22_23","Female","Active_Injection",323
"Naltrexone","22_23","Female","Nonactive_Noninjection",143
"Naltrexone","22_23","Female","Nonactive_Injection",230
"Naltrexone","24_25","Male","Active_Noninjection",278.5
"Naltrexone","24_25","Male","Active_Injection",391.5
"Naltrexone","24_25","Male","Nonactive_Noninjection",186.5
"Naltrexone","24_25","Male","Nonactive_Injection",254
"Naltrexone","24_25","Female","Active_Noninjection",278.5
"Naltrexone","24_25","Female","Active_Injection",391.5
"Naltrexone","24_25","Female","Nonactive_Noninjection",186.5
"Naltrexone","24_25","Female","Nonactive_Injection",254
"Naltrexone","26_27","Male","Active_Noninjection",335
"Naltrexone","26_27","Male","Active_Injection",460
"Naltrexone","26_27","Male","Nonactive_Noninjection",230
"Naltrexone","26_27","Male","Nonactive_Injection",278
"Naltrexone","26_27","Female","Active_Noninjection",335
"Naltrexone","26_27","Female","Active_Injection",460
"Naltrexone","26_27","Female","Nonactive_Noninjection",230
"Naltrexone","26_27","Female","Nonactive_Injection",278
"Naltrexone","28_29","Male","Active_Noninjection",335
"Naltrexone","28_29","Male","Active_Injection",460
"Naltrexone","28_29","Male","Nonactive_Noninjection",230
"Naltrexone","28_29","Male","Nonactive_Injection",278
"Naltrexone","28_29","Female","Active_Noninjection",335
"Naltrexone","28_29","Female","Active_Injection",460
"Naltrexone","28_29","Female","Nonactive_Noninjection",230
"Naltrexone","28_29","Female","Nonactive_Injection",278
"Naltrexone","30_31","Male","Active_Noninjection",335
"Naltrexone","30_31","Male","Active_Injection",460
"Naltrexone","30_31","Male","Nonactive_Noninjection",230
"Naltrexone","30_31","Male","Nonactive_Injection",278
"Naltrexone","30_31","Female","Active_Noninjection",335
"Naltrexone","30_31","Female","Active_Injection",460
"Naltrexone","30_31","Female","Nonactive_Noninjection",230
"Naltrexone","30_31","Female","Nonactive_Injection",278
"Naltrexone","32_33","Male","Active_Noninjection",335
"Naltrexone","32_33","Male","Active_Injection",460
"Naltrexone","32_33","Male","Nonactive_Noninjection",230
"Naltrexone","32_33","Male","Nonactive_Injection",278
"Naltrexone","32_33","Female","Active_Noninjection",335
"Naltrexone","32_33","Female","Active_Injection",460
"Naltrexone","32_33","Female","Nonactive_Noninjection",230
"Naltrexone","32_33","Female","Nonactive_Injection",278
"Naltrexone","34_35","Male","Active_Noninjection",335
"Naltrexone","34_35","Male","Active_Injection",460
"Naltrexone","34_35","Male","Nonactive_Noninjection",230
"Naltrexone","34_35","Male","Nonactive_Injection",278
"Naltrexone","34_35","Female","Active_Noninjection",335
"Naltrexone","34_35","Female","Active_Injection",460
"Naltrexone","34_35","Female","Nonactive_Noninjection",230
"Naltrexone","34_35","Female","Nonactive_Injection",278
"Naltrexone","36_37","Male","Active_Noninjection",335
"Naltrexone","36_37","Male","Active_Injection",460
"Naltrexone","36_37","Male","Nonactive_Noninjection",230
"Naltrexone","36_37","Male","Nonactive_Injection",278
"Naltrexone","36_37","Female","Active_Noninjection",335
"Naltrexone","36_37","Female","Active_Injection",460
"Naltrexone","36_37","Female","Nonactive_Noninjection",230
"Naltrexone","36_37","Female","Nonactive_Injection",278
"Naltrexone","38_39","Male","Active_Noninjection",335
"Naltrexone","38_39","Male","Active_Injection",460
"Naltrexone","38_39","Male","Nonactive_Noninjection",230
"Naltrexone","38_39","Male","Nonactive_Injection",278
"Naltrexone","38_39","Female","Active_Noninjection",335
"Naltrexone","38_39","Female","Active_Injection",460
"Naltrexone","38_39","Female","Nonactive_Noninjection",230
"Naltrexone","38_39","Female","Nonactive_Injection",278
"Naltrexone","40_41","Male","Active_Noninjection",335
"Naltrexone","40_41","Male","Active_Injection",460
"Naltrexone","40_41","Male","Nonactive_Noninjection",230
"Naltrexone","40_41","Male","Nonactive_Injection",278
"Naltrexone","40_41","Female","Active_Noninjection",335
"Naltrexone","40_41","Female","Active_Injection",460
"Naltrexone","40_41","Female","Nonactive_Noninjection",230
"Naltrexone","40_41","Female","Nonactive_Injection",278
"Naltrexone","42_43","Male","Active_Noninjection",335
"Naltrexone","42_43","Male","Active_Injection",460
"Naltrexone","42_43","Male","Nonactive_Noninjection",230
"Naltrexone","42_43","Male","Nonactive_Injection",278
"Naltrexone","42_43","Female","Active_Noninjection",335
"Naltrexone","42_43","Female","Active_Injection",460
"Naltrexone","42_43","Female","Nonactive_Noninjection",230
"Naltrexone","42_43","Female","Nonactive_Injection",278
"Naltrexone","44_45","Male","Active_Noninjection",308
"Naltrexone","44_45","Male","Active_Injection",425.5
"Naltrexone","44_45","Male","Nonactive_Noninjection",207
"Naltrexone","44_45","Male","Nonactive_Injection",278
"Naltrexone","44_45","Female","Active_Noninjection",308
"Naltrexone","44_45","Female","Active_Injection",425.5
"Naltrexone","44_45","Female","Nonactive_Noninjection",207
"Naltrexone","44_45","Female","Nonactive_Injection",278
"Naltrexone","46_47","Male","Active_Noninjection",281
"Naltrexone","46_47","Male","Active_Injection",391
"Naltrexone","46_47","Male","Nonactive_Noninjection",184
"Naltrexone","46_47","Male","Nonactive_Injection",278
"Naltrexone","46_47","Female","Active_Noninjection",281
"Naltrexone","46_47","Female","Active_Injection",391
"Naltrexone","46_47","Female","Nonactive_Noninjection",184
"Naltrexone","46_47","Female","Nonactive_Injection",278
"Naltrexone","48_49","Male","Active_Noninjection",281
"Naltrexone","48_49","Male","Active_Injection",391
"Naltrexone","48_49","Male","Nonactive_Noninjection",184
"Naltrexone","48_49","Male","Nonactive_Injection",278
"Naltrexone","48_49","Female","Active_Noninjection",281
"Naltrexone","48_49","Female","Active_Injection",391
"Naltrexone","48_49","Female","Nonactive_Noninjection",184
"Naltrexone","48_49","Female","Nonactive_Injection",278
"Naltrexone","50_51","Male","Active_Noninjection",281
"Naltrexone","50_51","Male","Active_Injection",391
"Naltrexone","50_51","Male","Nonactive_Noninjection",184
"Naltrexone","50_51","Male","Nonactive_Injection",278
"Naltrexone","50_51","Female","Active_Noninjection",281
"Naltrexone","50_51","Female","Active_Injection",391
"Naltrexone","50_51","Female","Nonactive_Noninjection",184
"Naltrexone","50_51","Female","Nonactive_Injection",278
"Naltrexone","52_53","Male","Active_Noninjection",281
"Naltrexone","52_53","Male","Active_Injection",391
"Naltrexone","52_53","Male","Nonactive_Noninjection",184
"Naltrexone","52_53","Male","Nonactive_Injection",278
"Naltrexone","52_53","Female","Active_Noninjection",281
"Naltrexone","52_53","Female","Active_Injection",391
"Naltrexone","52_53","Female","Nonactive_Noninjection",184
"Naltrexone","52_53","Female","Nonactive_Injection",278
"Naltrexone","54_55","Male","Active_Noninjection",281
"Naltrexone","54_55","Male","Active_Injection",391
"Naltrexone","54_55","Male","Nonactive_Noninjection",184
"Naltrexone","54_55","Male","Nonactive_Injection",278
"Naltrexone","54_55","Female","Active_Noninjection",281
"Naltrexone","54_55","Female","Active_Injection",391
"Naltrexone","54_55","Female","Nonactive_Noninjection",184
"Naltrexone","54_55","Female","Nonactive_Injection",278
"Naltrexone","56_57","Male","Active_Noninjection",281
"Naltrexone","56_57","Male","Active_Injection",391
"Naltrexone","56_57","Male","Nonactive_Noninjection",184
"Naltrexone","56_57","Male","Nonactive_Injection",278
"Naltrexone","56_57","Female","Active_Noninjection",281
"Naltrexone","56_57","Female","Active_Injection",391
"Naltrexone","56_57","Female","Nonactive_Noninjection",184
"Naltrexone","56_57","Female","Nonactive_Injection",278
"Naltrexone","58_59","Male","Active_Noninjection",281
"Naltrexone","58_59","Male","Active_Injection",391
"Naltrexone","58_59","Male","Nonactive_Noninjection",184
"Naltrexone","58_59","Male","Nonactive_Injection",278
"Naltrexone","58_59","Female","Active_Noninjection",281
"Naltrexone","58_59","Female","Active_Injection",391
"Naltrexone","58_59","Female","Nonactive_Noninjection",184
"Naltrexone","58_59","Female","Nonactive_Injection",278
"Naltrexone","60_61","Male","Active_Noninjection",281
"Naltrexone","60_61","Male","Active_Injection",391
"Naltrexone","60_61","Male","Nonactive_Noninjection",184
"Naltrexone","60_61","Male","Nonactive_Injection",278
"Naltrexone","60_61","Female","Active_Noninjection",281
"Naltrexone","60_61","Female","Active_Injection",391
"Naltrexone","60_61","Female","Nonactive_Noninjection",184
"Naltrexone","60_61","Female","Nonactive_Injection",278
"Naltrexone","62_63","Male","Active_Noninjection",281
"Naltrexone","62_63","Male","Active_Injection",391
"Naltrexone","62_63","Male","Nonactive_Noninjection",184
"Naltrexone","62_63","Male","Nonactive_Injection",278
"Naltrexone","62_63","Female","Active_Noninjection",281
"Naltrexone","62_63","Female","Active_Injection",391
"Naltrexone","62_63","Female","Nonactive_Noninjection",184
"Naltrexone","62_63","Female","Nonactive_Injection",278
"Naltrexone","64_65","Male","Active_Noninjection",281
"Naltrexone","64_65","Male","Active_Injection",391
"Naltrexone","64_65","Male","Nonactive_Noninjection",184
"Naltrexone","64_65","Male","Nonactive_Injection",278
"Naltrexone","64_65","Female","Active_Noninjection",281
"Naltrexone","64_65","Female","Active_Injection",391
"Naltrexone","64_65","Female","Nonactive_Noninjection",184
"Naltrexone","64_65","Female","Nonactive_Injection",278
"Naltrexone","66_67","Male","Active_Noninjection",281
"Naltrexone","66_67","Male","Active_Injection",391
"Naltrexone","66_67","Male","Nonactive_Noninjection",184
"Naltrexone","66_67","Male","Nonactive_Injection",278
"Naltrexone","66_67","Female","Active_Noninjection",281
"Naltrexone","66_67","Female","Active_Injection",391
"Naltrexone","66_67","Female","Nonactive_Noninjection",184
"Naltrexone","66_67","Female","Nonactive_Injection",278
"Naltrexone","68_69","Male","Active_Noninjection",281
"Naltrexone","68_69","Male","Active_Injection",391
"Naltrexone","68_69","Male","Nonactive_Noninjection",184
"Naltrexone","68_69","Male","Nonactive_Injection",278
"Naltrexone","68_69","Female","Active_Noninjection",281
"Naltrexone","68_69","Female","Active_Injection",391
"Naltrexone","68_69","Female","Nonactive_Noninjection",184
"Naltrexone","68_69","Female","Nonactive_Injection",278
"Naltrexone","70_71","Male","Active_Noninjection",281
"Naltrexone","70_71","Male","Active_Injection",391
"Naltrexone","70_71","Male","Nonactive_Noninjection",184
"Naltrexone","70_71","Male","Nonactive_Injection",278
"Naltrexone","70_71","Female","Active_Noninjection",281
"Naltrexone","70_71","Female","Active_Injection",391
"Naltrexone","70_71","Female","Nonactive_Noninjection",184
"Naltrexone","70_71","Female","Nonactive_Injection",278
"Naltrexone","72_73","Male","Active_Noninjection",281
"Naltrexone","72_73","Male","Active_Injection",391
"Naltrexone","72_73","Male","Nonactive_Noninjection",184
"Naltrexone","72_73","Male","Nonactive_Injection",278
"Naltrexone","72_73","Female","Active_Noninjection",281
"Naltrexone","72_73","Female","Active_Injection",391
"Naltrexone","72_73","Female","Nonactive_Noninjection",184
"Naltrexone","72_73","Female","Nonactive_Injection",278
"Naltrexone","74_75","Male","Active_Noninjection",281
"Naltrexone","74_75","Male","Active_Injection",391
"Naltrexone","74_75","Male","Nonactive_Noninjection",184
"Naltrexone","74_75","Male","Nonactive_Injection",278
"Naltrexone","74_75","Female","Active_Noninjection",281
"Naltrexone","74_75","Female","Active_Injection",391
"Naltrexone","74_75","Female","Nonactive_Noninjection",184
"Naltrexone","74_75","Female","Nonactive_Injection",278
"Naltrexone","76_77","Male","Active_Noninjection",281
"Naltrexone","76_77","Male","Active_Injection",391
"Naltrexone","76_77","Male","Nonactive_Noninjection",184
"Naltrexone","76_77","Male","Nonactive_Injection",278
"Naltrexone","76_77","Female","Active_Noninjection",281
"Naltrexone","76_77","Female","Active_Injection",391
"Naltrexone","76_77","Female","Nonactive_Noninjection",184
"Naltrexone","76_77","Female","Nonactive_Injection",278
"Naltrexone","78_79","Male","Active_Noninjection",281
"Naltrexone","78_79","Male","Active_Injection",391
"Naltrexone","78_79","Male","Nonactive_Noninjection",184
"Naltrexone","78_79","Male","Nonactive_Injection",278
"Naltrexone","78_79","Female","Active_Noninjection",281
"Naltrexone","78_79","Female","Active_Injection",391
"Naltrexone","78_79","Female","Nonactive_Noninjection",184
"Naltrexone","78_79","Female","Nonactive_Injection",278
"Naltrexone","80_81","Male","Active_Noninjection",281
"Naltrexone","80_81","Male","Active_Injection",391
"Naltrexone","80_81","Male","Nonactive_Noninjection",184
"Naltrexone","80_81","Male","Nonactive_Injection",278
"Naltrexone","80_81","Female","Active_Noninjection",281
"Naltrexone","80_81","Female","Active_Injection",391
"Naltrexone","80_81","Female","Nonactive_Noninjection",184
"Naltrexone","80_81","Female","Nonactive_Injection",278
"Naltrexone","82_83","Male","Active_Noninjection",281
"Naltrexone","82_83","Male","Active_Injection",391
"Naltrexone","82_83","Male","Nonactive_Noninjection",184
"Naltrexone","82_83","Male","Nonactive_Injection",278
"Naltrexone","82_83","Female","Active_Noninjection",281
"Naltrexone","82_83","Female","Active_Injection",391
"Naltrexone","82_83","Female","Nonactive_Noninjection",184
"Naltrexone","82_83","Female","Nonactive_Injection",278
"Naltrexone","84_85","Male","Active_Noninjection",281
"Naltrexone","84_85","Male","Active_Injection",391
"Naltrexone","84_85","Male","Nonactive_Noninjection",184
"Naltrexone","84_85","Male","Nonactive_Injection",278
"Naltrexone","84_85","Female","Active_Noninjection",281
"Naltrexone","84_85","Female","Active_Injection",391
"Naltrexone","84_85","Female","Nonactive_Noninjection",184
"Naltrexone","84_85","Female","Nonactive_Injection",278
"Naltrexone","86_87","Male","Active_Noninjection",281
"Naltrexone","86_87","Male","Active_Injection",391
"Naltrexone","86_87","Male","Nonactive_Noninjection",184
"Naltrexone","86_87","Male","Nonactive_Injection",278
"Naltrexone","86_87","Female","Active_Noninjection",281
"Naltrexone","86_87","Female","Active_Injection",391
"Naltrexone","86_87","Female","Nonactive_Noninjection",184
"Naltrexone","86_87","Female","Nonactive_Injection",278
"Naltrexone","88_89","Male","Active_Noninjection",281
"Naltrexone","88_89","Male","Active_Injection",391
"Naltrexone","88_89","Male","Nonactive_Noninjection",184
"Naltrexone","88_89","Male","Nonactive_Injection",278
"Naltrexone","88_89","Female","Active_Noninjection",281
"Naltrexone","88_89","Female","Active_Injection",391
"Naltrexone","88_89","Female","Nonactive_Noninjection",184
"Naltrexone","88_89","Female","Nonactive_Injection",278
"Naltrexone","90_91","Male","Active_Noninjection",281
"Naltrexone","90_91","Male","Active_Injection",391
"Naltrexone","90_91","Male","Nonactive_Noninjection",184
"Naltrexone","90_91","Male","Nonactive_Injection",278
"Naltrexone","90_91","Female","Active_Noninjection",281
"Naltrexone","90_91","Female","Active_Injection",391
"Naltrexone","90_91","Female","Nonactive_Noninjection",184
"Naltrexone","90_91","Female","Nonactive_Injection",278
"Naltrexone","92_93","Male","Active_Noninjection",281
"Naltrexone","92_93","Male","Active_Injection",391
"Naltrexone","92_93","Male","Nonactive_Noninjection",184
"Naltrexone","92_93","Male","Nonactive_Injection",278
"Naltrexone","92_93","Female","Active_Noninjection",281
"Naltrexone","92_93","Female","Active_Injection",391
"Naltrexone","92_93","Female","Nonactive_Noninjection",184
"Naltrexone","92_93","Female","Nonactive_Injection",278
"Naltrexone","94_95","Male","Active_Noninjection",281
"Naltrexone","94_95","Male","Active_Injection",391
"Naltrexone","94_95","Male","Nonactive_Noninjection",184
"Naltrexone","94_95","Male","Nonactive_Injection",278
"Naltrexone","94_95","Female","Active_Noninjection",281
"Naltrexone","94_95","Female","Active_Injection",391
"Naltrexone","94_95","Female","Nonactive_Noninjection",184
"Naltrexone","94_95","Female","Nonactive_Injection",278
"Naltrexone","96_97","Male","Active_Noninjection",281
"Naltrexone","96_97","Male","Active_Injection",391
"Naltrexone","96_97","Male","Nonactive_Noninjection",184
"Naltrexone","96_97","Male","Nonactive_Injection",278
"Naltrexone","96_97","Female","Active_Noninjection",281
"Naltrexone","96_97","Female","Active_Injection",391
"Naltrexone","96_97","Female","Nonactive_Noninjection",184
"Naltrexone","96_97","Female","Nonactive_Injection",278
"Naltrexone","98_99","Male","Active_Noninjection",281
"Naltrexone","98_99","Male","Active_Injection",391
"Naltrexone","98_99","Male","Nonactive_Noninjection",184
"Naltrexone","98_99","Male","Nonactive_Injection",278
"Naltrexone","98_99","Female","Active_Noninjection",281
"Naltrexone","98_99","Female","Active_Injection",391
"Naltrexone","98_99","Female","Nonactive_Noninjection",184
"Naltrexone","98_99","Female","Nonactive_Injection",278
"Methadone","10_11","Male","Active_Noninjection",162.22
"Methadone","10_11","Male","Active_Injection",256.48
"Methadone","10_11","Male","Nonactive_Noninjection",105.14
"Methadone","10_11","Male","Nonactive_Injection",187.01
"Methadone","10_11","Female","Active_Noninjection",162.22
"Methadone","10_11","Female","Active_Injection",256.48
"Methadone","10_11","Female","Nonactive_Noninjection",105.14
"Methadone","10_11","Female","Nonactive_Injection",187.01
"Methadone","12_13","Male","Active_Noninjection",162.22
"Methadone","12_13","Male","Active_Injection",256.48
"Methadone","12_13","Male","Nonactive_Noninjection",105.14
"Methadone","12_13","Male","Nonactive_Injection",187.01
"Methadone","12_13","Female","Active_Noninjection",162.22
"Methadone","12_13","Female","Active_Injection",256.48
"Methadone","12_13","Female","Nonactive_Noninjection",105.14
"Methadone","12_13","Female","Nonactive_Injection",187.01
"Methadone","14_15","Male","Active_Noninjection",162.22
"Methadone","14_15","Male","Active_Injection",256.48
"Methadone","14_15","Male","Nonactive_Noninjection",105.14
"Methadone","14_15","Male","Nonactive_Injection",187.01
"Methadone","14_15","Female","Active_Noninjection",162.22
"Methadone","14_15","Female","Active_Injection",256.48
"Methadone","14_15","Female","Nonactive_Noninjection",105.14
"Methadone","14_15","Female","Nonactive_Injection",187.01
"Methadone","16_17","Male","Active_Noninjection",162.22
"Methadone","16_17","Male","Active_Injection",256.48
"Methadone","16_17","Male","Nonactive_Noninjection",105.14
"Methadone","16_17","Male","Nonactive_Injection",187.01
"Methadone","16_17","Female","Active_Noninjection",162.22
"Methadone","16_17","Female","Active_Injection",256.48
"Methadone","16_17","Female","Nonactive_Noninjection",105.14
"Methadone","16_17","Female","Nonactive_Injection",187.01
"Methadone","18_19","Male","Active_Noninjection",162.22
"Methadone","18_19","Male","Active_Injection",256.48
"Methadone","18_19","Male","Nonactive_Noninjection",105.14
"Methadone","18_19","Male","Nonactive_Injection",187.01
"Methadone","18_19","Female","Active_Noninjection",162.22
"Methadone","18_19","Female","Active_Injection",256.48
"Methadone","18_19","Female","Nonactive_Noninjection",105.14
"Methadone","18_19","Female","Nonactive_Injection",187.01
"Methadone","20_21","Male","Active_Noninjection",162.22
"Methadone","20_21","Male","Active_Injection",256.48
"Methadone","20_21","Male","Nonactive_Noninjection",105.14
"Methadone","20_21","Male","Nonactive_Injection",187.01
"Methadone","20_21","Female","Active_Noninjection",162.22
"Methadone","20_21","Female","Active_Injection",256.48
"Methadone","20_21","Female","Nonactive_Noninjection",105.14
"Methadone","20_21","Female","Nonactive_Injection",187.01
"Methadone","22_23","Male","Active_Noninjection",162.22
"Methadone","22_23","Male","Active_Injection",256.48
"Methadone","22_23","Male","Nonactive_Noninjection",105.14
"Methadone","22_23","Male","Nonactive_Injection",187.01
"Methadone","22_23","Female","Active_Noninjection",162.22
"Methadone","22_23","Female","Active_Injection",256.48
"Methadone","22_23","Female","Nonactive_Noninjection",105.14
"Methadone","22_23","Female","Nonactive_Injection",187.01
"Methadone","24_25","Male","Active_Noninjection",204.48
"Methadone","24_25","Male","Active_Injection",308.705
"Methadone","24_25","Male","Nonactive_Noninjection",136.655
"Methadone","24_25","Male","Nonactive_Injection",228.025
"Methadone","24_25","Female","Active_Noninjection",204.48
"Methadone","24_25","Female","Active_Injection",308.705
"Methadone","24_25","Female","Nonactive_Noninjection",136.655
"Methadone","24_25","Female","Nonactive_Injection",228.025
"Methadone","26_27","Male","Active_Noninjection",246.74
"Methadone","26_27","Male","Active_Injection",360.93
"Methadone","26_27","Male","Nonactive_Noninjection",168.17
"Methadone","26_27","Male","Nonactive_Injection",269.04
"Methadone","26_27","Female","Active_Noninjection",246.74
"Methadone","26_27","Female","Active_Injection",360.93
"Methadone","26_27","Female","Nonactive_Noninjection",168.17
"Methadone","26_27","Female","Nonactive_Injection",269.04
"Methadone","28_29","Male","Active_Noninjection",246.74
"Methadone","28_29","Male","Active_Injection",360.93
"Methadone","28_29","Male","Nonactive_Noninjection",168.17
"Methadone","28_29","Male","Nonactive_Injection",269.04
"Methadone","28_29","Female","Active_Noninjection",246.74
"Methadone","28_29","Female","Active_Injection",360.93
"Methadone","28_29","Female","Nonactive_Noninjection",168.17
"Methadone","28_29","Female","Nonactive_Injection",269.04
"Methadone","30_31","Male","Active_Noninjection",246.74
"Methadone","30_31","Male","Active_Injection",360.93
"Methadone","30_31","Male","Nonactive_Noninjection",168.17
"Methadone","30_31","Male","Nonactive_Injection",269.04
"Methadone","30_31","Female","Active_Noninjection",246.74
"Methadone","30_31","Female","Active_Injection",360.93
"Methadone","30_31","Female","Nonactive_Noninjection",168.17
"Methadone","30_31","Female","Nonactive_Injection",269.04
"Methadone","32_33","Male","Active_Noninjection",246.74
"Methadone","32_33","Male","Active_Injection",360.93
"Methadone","32_33","Male","Nonactive_Noninjection",168.17
"Methadone","32_33","Male","Nonactive_Injection",269.04
"Methadone","32_33","Female","Active_Noninjection",246.74
"Methadone","32_33","Female","Active_Injection",360.93
"Methadone","32_33","Female","Nonactive_Noninjection",168.17
"Methadone","32_33","Female","Nonactive_Injection",269.04
"Methadone","34_35","Male","Active_Noninjection",246.74
"Methadone","34_35","Male","Active_Injection",360.93
"Methadone","34_35","Male","Nonactive_Noninjection",168.17
"Methadone","34_35","Male","Nonactive_Injection",269.04
"Methadone","34_35","Female","Active_Noninjection",246.74
"Methadone","34_35","Female","Active_Injection",360.93
"Methadone","34_35","Female","Nonactive_Noninjection",168.17
"Methadone","34_35","Female","Nonactive_Injection",269.04
"Methadone","36_37","Male","Active_Noninjection",246.74
"Methadone","36_37","Male","Active_Injection",360.93
"Methadone","36_37","Male","Nonactive_Noninjection",168.17
"Methadone","36_37","Male","Nonactive_Injection",269.04
"Methadone","36_37","Female","Active_Noninjection",246.74
"Methadone","36_37","Female","Active_Injection",360.93
"Methadone","36_37","Female","Nonactive_Noninjection",168.17
"Methadone","36_37","Female","Nonactive_Injection",269.04
"Methadone","38_39","Male","Active_Noninjection",246.74
"Methadone","38_39","Male","Active_Injection",360.93
"Methadone","38_39","Male","Nonactive_Noninjection",168.17
"Methadone","38_39","Male","Nonactive_Injection",269.04
"Methadone","38_39","Female","Active_Noninjection",246.74
"Methadone","38_39","Female","Active_Injection",360.93
"Methadone","38_39","Female","Nonactive_Noninjection",168.17
"Methadone","38_39","Female","Nonactive_Injection",269.04
"Methadone","40_41","Male","Active_Noninjection",246.74
"Methadone","40_41","Male","Active_Injection",360.93
"Methadone","40_41","Male","Nonactive_Noninjection",168.17
"Methadone","40_41","Male","Nonactive_Injection",269.04
"Methadone","40_41","Female","Active_Noninjection",246.74
"Methadone","40_41","Female","Active_Injection",360.93
"Methadone","40_41","Female","Nonactive_Noninjection",168.17
"Methadone","40_41","Female","Nonactive_Injection",269.04
"Methadone","42_43","Male","Active_Noninjection",246.74
"Methadone","42_43","Male","Active_Injection",360.93
"Methadone","42_43","Male","Nonactive_Noninjection",168.17
"Methadone","42_43","Male","Nonactive_Injection",269.04
"Methadone","42_43","Female","Active_Noninjection",246.74
"Methadone","42_43","Female","Active_Injection",360.93
"Methadone","42_43","Female","Nonactive_Noninjection",168.17
"Methadone","42_43","Female","Nonactive_Injection",269.04
"Methadone","44_45","Male","Active_Noninjection",227.37
"Methadone","44_45","Male","Active_Injection",336.49
"Methadone","44_45","Male","Nonactive_Noninjection",151.05
"Methadone","44_45","Male","Nonactive_Injection",246.595
"Methadone","44_45","Female","Active_Noninjection",227.37
"Methadone","44_45","Female","Active_Injection",336.49
"Methadone","44_45","Female","Nonactive_Noninjection",151.05
"Methadone","44_45","Female","Nonactive_Injection",246.595
"Methadone","46_47","Male","Active_Noninjection",208
"Methadone","46_47","Male","Active_Injection",312.05
"Methadone","46_47","Male","Nonactive_Noninjection",133.93
"Methadone","46_47","Male","Nonactive_Injection",224.15
"Methadone","46_47","Female","Active_Noninjection",208
"Methadone","46_47","Female","Active_Injection",312.05
"Methadone","46_47","Female","Nonactive_Noninjection",133.93
"Methadone","46_47","Female","Nonactive_Injection",224.15
"Methadone","48_49","Male","Active_Noninjection",208
"Methadone","48_49","Male","Active_Injection",312.05
"Methadone","48_49","Male","Nonactive_Noninjection",133.93
"Methadone","48_49","Male","Nonactive_Injection",224.15
"Methadone","48_49","Female","Active_Noninjection",208
"Methadone","48_49","Female","Active_Injection",312.05
"Methadone","48_49","Female","Nonactive_Noninjection",133.93
"Methadone","48_49","Female","Nonactive_Injection",224.15
"Methadone","50_51","Male","Active_Noninjection",208
"Methadone","50_51","Male","Active_Injection",312.05
"Methadone","50_51","Male","Nonactive_Noninjection",133.93
"Methadone","50_51","Male","Nonactive_Injection",224.15
"Methadone","50_51","Female","Active_Noninjection",208
"Methadone","50_51","Female","Active_Injection",312.05
"Methadone","50_51","Female","Nonactive_Noninjection",133.93
"Methadone","50_51","Female","Nonactive_Injection",224.15
"Methadone","52_53","Male","Active_Noninjection",208
"Methadone","52_53","Male","Active_Injection",312.05
"Methadone","52_53","Male","Nonactive_Noninjection",133.93
"Methadone","52_53","Male","Nonactive_Injection",224.15
"Methadone","52_53","Female","Active_Noninjection",208
"Methadone","52_53","Female","Active_Injection",312.05
"Methadone","52_53","Female","Nonactive_Noninjection",133.93
"Methadone","52_53","Female","Nonactive_Injection",224.15
"Methadone","54_55","Male","Active_Noninjection",208
"Methadone","54_55","Male","Active_Injection",312.05
"Methadone","54_55","Male","Nonactive_Noninjection",133.93
"Methadone","54_55","Male","Nonactive_Injection",224.15
"Methadone","54_55","Female","Active_Noninjection",208
"Methadone","54_55","Female","Active_Injection",312.05
"Methadone","54_55","Female","Nonactive_Noninjection",133.93
"Methadone","54_55","Female","Nonactive_Injection",224.15
"Methadone","56_57","Male","Active_Noninjection",208
"Methadone","56_57","Male","Active_Injection",312.05
"Methadone","56_57","Male","Nonactive_Noninjection",133.93
"Methadone","56_57","Male","Nonactive_Injection",224.15
"Methadone","56_57","Female","Active_Noninjection",208
"Methadone","56_57","Female","Active_Injection",312.05
"Methadone","56_57","Female","Nonactive_Noninjection",133.93
"Methadone","56_57","Female","Nonactive_Injection",224.15
"Methadone","58_59","Male","Active_Noninjection",208
"Methadone","58_59","Male","Active_Injection",312.05
"Methadone","58_59","Male","Nonactive_Noninjection",133.93
"Methadone","58_59","Male","Nonactive_Injection",224.15
"Methadone","58_59","Female","Active_Noninjection",208
"Methadone","58_59","Female","Active_Injection",312.05
"Methadone","58_59","Female","Nonactive_Noninjection",133.93
"Methadone","58_59","Female","Nonactive_Injection",224.15
"Methadone","60_61","Male","Active_Noninjection",208
"Methadone","60_61","Male","Active_Injection",312.05
"Methadone","60_61","Male","Nonactive_Noninjection",133.93
"Methadone","60_61","Male","Nonactive_Injection",224.15
"Methadone","60_61","Female","Active_Noninjection",208
"Methadone","60_61","Female","Active_Injection",312.05
"Methadone","60_61","Female","Nonactive_Noninjection",133.93
"Methadone","60_61","Female","Nonactive_Injection",224.15
"Methadone","62_63","Male","Active_Noninjection",208
"Methadone","62_63","Male","Active_Injection",312.05
"Methadone","62_63","Male","Nonactive_Noninjection",133.93
"Methadone","62_63","Male","Nonactive_Injection",224.15
"Methadone","62_63","Female","Active_Noninjection",208
"Methadone","62_63","Female","Active_Injection",312.05
"Methadone","62_63","Female","Nonactive_Noninjection",133.93
"Methadone","62_63","Female","Nonactive_Injection",224.15
"Methadone","64_65","Male","Active_Noninjection",208
"Methadone","64_65","Male","Active_Injection",312.05
"Methadone","64_65","Male","Nonactive_Noninjection",133.93
"Methadone","64_65","Male","Nonactive_Injection",224.15
"Methadone","64_65","Female","Active_Noninjection",208
"Methadone","64_65","Female","Active_Injection",312.05
"Methadone","64_65","Female","Nonactive_Noninjection",133.93
"Methadone","64_65","Female","Nonactive_Injection",224.15
"Methadone","66_67","Male","Active_Noninjection",208
"Methadone","66_67","Male","Active_Injection",312.05
"Methadone","66_67","Male","Nonactive_Noninjection",133.93
"Methadone","66_67","Male","Nonactive_Injection",224.15
"Methadone","66_67","Female","Active_Noninjection",208
"Methadone","66_67","Female","Active_Injection",312.05
"Methadone","66_67","Female","Nonactive_Noninjection",133.93
"Methadone","66_67","Female","Nonactive_Injection",224.15
"Methadone","68_69","Male","Active_Noninjection",208
"Methadone","68_69","Male","Active_Injection",312.05
"Methadone","68_69","Male","Nonactive_Noninjection",133.93
"Methadone","68_69","Male","Nonactive_Injection",224.15
"Methadone","68_69","Female","Active_Noninjection",208
"Methadone","68_69","Female","Active_Injection",312.05
"Methadone","68_69","Female","Nonactive_Noninjection",133.93
"Methadone","68_69","Female","Nonactive_Injection",224.15
"Methadone","70_71","Male","Active_Noninjection",208
"Methadone","70_71","Male","Active_Injection",312.05
"Methadone","70_71","Male","Nonactive_Noninjection",133.93
"Methadone","70_71","Male","Nonactive_Injection",224.15
"Methadone","70_71","Female","Active_Noninjection",208
"Methadone","70_71","Female","Active_Injection",312.05
"Methadone","70_71","Female","Nonactive_Noninjection",133.93
"Methadone","70_71","Female","Nonactive_Injection",224.15
"Methadone","72_73","Male","Active_Noninjection",208
"Methadone","72_73","Male","Active_Injection",312.05
"Methadone","72_73","Male","Nonactive_Noninjection",133.93
"Methadone","72_73","Male","Nonactive_Injection",224.15
"Methadone","72_73","Female","Active_Noninjection",208
"Methadone","72_73","Female","Active_Injection",312.05
"Methadone","72_73","Female","Nonactive_Noninjection",133.93
"Methadone","72_73","Female","Nonactive_Injection",224.15
"Methadone","74_75","Male","Active_Noninjection",208
"Methadone","74_75","Male","Active_Injection",312.05
"Methadone","74_75","Male","Nonactive_Noninjection",133.93
"Methadone","74_75","Male","Nonactive_Injection",224.15
"Methadone","74_75","Female","Active_Noninjection",208
"Methadone","74_75","Female","Active_Injection",312.05
"Methadone","74_75","Female","Nonactive_Noninjection",133.93
"Methadone","74_75","Female","Nonactive_Injection",224.15
"Methadone","76_77","Male","Active_Noninjection",208
"Methadone","76_77","Male","Active_Injection",312.05
"Methadone","76_77","Male","Nonactive_Noninjection",133.93
"Methadone","76_77","Male","Nonactive_Injection",224.15
"Methadone","76_77","Female","Active_Noninjection",208
"Methadone","76_77","Female","Active_Injection",312.05
"Methadone","76_77","Female","Nonactive_Noninjection",133.93
"Methadone","76_77","Female","Nonactive_Injection",224.15
"Methadone","78_79","Male","Active_Noninjection",208
"Methadone","78_79","Male","Active_Injection",312.05
"Methadone","78_79","Male","Nonactive_Noninjection",133.93
"Methadone","78_79","Male","Nonactive_Injection",224.15
"Methadone","78_79","Female","Active_Noninjection",208
"Methadone","78_79","Female","Active_Injection",312.05
"Methadone","78_79","Female","Nonactive_Noninjection",133.93
"Methadone","78_79","Female","Nonactive_Injection",224.15
"Methadone","80_81","Male","Active_Noninjection",208
"Methadone","80_81","Male","Active_Injection",312.05
"Methadone","80_81","Male","Nonactive_Noninjection",133.93
"Methadone","80_81","Male","Nonactive_Injection",224.15
"Methadone","80_81","Female","Active_Noninjection",208
"Methadone","80_81","Female","Active_Injection",312.05
"Methadone","80_81","Female","Nonactive_Noninjection",133.93
"Methadone","80_81","Female","Nonactive_Injection",224.15
"Methadone","82_83","Male","Active_Noninjection",208
"Methadone","82_83","Male","Active_Injection",312.05
"Methadone","82_83","Male","Nonactive_Noninjection",133.93
"Methadone","82_83","Male","Nonactive_Injection",224.15
"Methadone","82_83","Female","Active_Noninjection",208
"Methadone","82_83","Female","Active_Injection",312.05
"Methadone","82_83","Female","Nonactive_Noninjection",133.93
"Methadone","82_83","Female","Nonactive_Injection",224.15
"Methadone","84_85","Male","Active_Noninjection",208
"Methadone","84_85","Male","Active_Injection",312.05
"Methadone","84_85","Male","Nonactive_Noninjection",133.93
"Methadone","84_85","Male","Nonactive_Injection",224.15
"Methadone","84_85","Female","Active_Noninjection",208
"Methadone","84_85","Female","Active_Injection",312.05
"Methadone","84_85","Female","Nonactive_Noninjection",133.93
"Methadone","84_85","Female","Nonactive_Injection",224.15
"Methadone","86_87","Male","Active_Noninjection",208
"Methadone","86_87","Male","Active_Injection",312.05
"Methadone","86_87","Male","Nonactive_Noninjection",133.93
"Methadone","86_87","Male","Nonactive_Injection",224.15
"Methadone","86_87","Female","Active_Noninjection",208
"Methadone","86_87","Female","Active_Injection",312.05
"Methadone","86_87","Female","Nonactive_Noninjection",133.93
"Methadone","86_87","Female","Nonactive_Injection",224.15
"Methadone","88_89","Male","Active_Noninjection",208
"Methadone","88_89","Male","Active_Injection",312.05
"Methadone","88_89","Male","Nonactive_Noninjection",133.93
"Methadone","88_89","Male","Nonactive_Injection",224.15
"Methadone","88_89","Female","Active_Noninjection",208
"Methadone","88_89","Female","Active_Injection",312.05
"Methadone","88_89","Female","Nonactive_Noninjection",133.93
"Methadone","88_89","Female","Nonactive_Injection",224.15
"Methadone","90_91","Male","Active_Noninjection",208
"Methadone","90_91","Male","Active_Injection",312.05
"Methadone","90_91","Male","Nonactive_Noninjection",133.93
"Methadone","90_91","Male","Nonactive_Injection",224.15
"Methadone","90_91","Female","Active_Noninjection",208
"Methadone","90_91","Female","Active_Injection",312.05
"Methadone","90_91","Female","Nonactive_Noninjection",133.93
"Methadone","90_91","Female","Nonactive_Injection",224.15
"Methadone","92_93","Male","Active_Noninjection",208
"Methadone","92_93","Male","Active_Injection",312.05
"Methadone","92_93","Male","Nonactive_Noninjection",133.93
"Methadone","92_93","Male","Nonactive_Injection",224.15
"Methadone","92_93","Female","Active_Noninjection",208
"Methadone","92_93","Female","Active_Injection",312.05
"Methadone","92_93","Female","Nonactive_Noninjection",133.93
"Methadone","92_93","Female","Nonactive_Injection",224.15
"Methadone","94_95","Male","Active_Noninjection",208
"Methadone","94_95","Male","Active_Injection",312.05
"Methadone","94_95","Male","Nonactive_Noninjection",133.93
"Methadone","94_95","Male","Nonactive_Injection",224.15
"Methadone","94_95","Female","Active_Noninjection",208
"Methadone","94_95","Female","Active_Injection",312.05
"Methadone","94_95","Female","Nonactive_Noninjection",133.93
"Methadone","94_95","Female","Nonactive_Injection",224.15
"Methadone","96_97","Male","Active_Noninjection",208
"Methadone","96_97","Male","Active_Injection",312.05
"Methadone","96_97","Male","Nonactive_Noninjection",133.93
"Methadone","96_97","Male","Nonactive_Injection",224.15
"Methadone","96_97","Female","Active_Noninjection",208
"Methadone","96_97","Female","Active_Injection",312.05
"Methadone","96_97","Female","Nonactive_Noninjection",133.93
"Methadone","96_97","Female","Nonactive_Injection",224.15
"Methadone","98_99","Male","Active_Noninjection",208
"Methadone","98_99","Male","Active_Injection",312.05
"Methadone","98_99","Male","Nonactive_Noninjection",133.93
"Methadone","98_99","Male","Nonactive_Injection",224.15
"Methadone","98_99","Female","Active_Noninjection",208
"Methadone","98_99","Female","Active_Injection",312.05
"Methadone","98_99","Female","Nonactive_Noninjection",133.93
"Methadone","98_99","Female","Nonactive_Injection",224.15
"Detox","10_11","Male","Active_Noninjection",0
"Detox","10_11","Male","Active_Injection",0
"Detox","10_11","Male","Nonactive_Noninjection",0
"Detox","10_11","Male","Nonactive_Injection",0
"Detox","10_11","Female","Active_Noninjection",0
"Detox","10_11","Female","Active_Injection",0
"Detox","10_11","Female","Nonactive_Noninjection",0
"Detox","10_11","Female","Nonactive_Injection",0
"Detox","12_13","Male","Active_Noninjection",0
"Detox","12_13","Male","Active_Injection",0
"Detox","12_13","Male","Nonactive_Noninjection",0
"Detox","12_13","Male","Nonactive_Injection",0
"Detox","12_13","Female","Active_Noninjection",0
"Detox","12_13","Female","Active_Injection",0
"Detox","12_13","Female","Nonactive_Noninjection",0
"Detox","12_13","Female","Nonactive_Injection",0
"Detox","14_15","Male","Active_Noninjection",0
"Detox","14_15","Male","Active_Injection",0
"Detox","14_15","Male","Nonactive_Noninjection",0
"Detox","14_15","Male","Nonactive_Injection",0
"Detox","14_15","Female","Active_Noninjection",0
"Detox","14_15","Female","Active_Injection",0
"Detox","14_15","Female","Nonactive_Noninjection",0
"Detox","14_15","Female","Nonactive_Injection",0
"Detox","16_17","Male","Active_Noninjection",0
"Detox","16_17","Male","Active_Injection",0
"Detox","16_17","Male","Nonactive_Noninjection",0
"Detox","16_17","Male","Nonactive_Injection",0
"Detox","16_17","Female","Active_Noninjection",0
"Detox","16_17","Female","Active_Injection",0
"Detox","16_17","Female","Nonactive_Noninjection",0
"Detox","16_17","Female","Nonactive_Injection",0
"Detox","18_19","Male","Active_Noninjection",0
"Detox","18_19","Male","Active_Injection",0
"Detox","18_19","Male","Nonactive_Noninjection",0
"Detox","18_19","Male","Nonactive_Injection",0
"Detox","18_19","Female","Active_Noninjection",0
"Detox","18_19","Female","Active_Injection",0
"Detox","18_19","Female","Nonactive_Noninjection",0
"Detox","18_19","Female","Nonactive_Injection",0
"Detox","20_21","Male","Active_Noninjection",0
"Detox","20_21","Male","Active_Injection",0
"Detox","20_21","Male","Nonactive_Noninjection",0
"Detox","20_21","Male","Nonactive_Injection",0
"Detox","20_21","Female","Active_Noninjection",0
"Detox","20_21","Female","Active_Injection",0
"Detox","20_21","Female","Nonactive_Noninjection",0
"Detox","20_21","Female","Nonactive_Injection",0
"Detox","22_23","Male","Active_Noninjection",0
"Detox","22_23","Male","Active_Injection",0
"Detox","22_23","Male","Nonactive_Noninjection",0
"Detox","22_23","Male","Nonactive_Injection",0
"Detox","22_23","Female","Active_Noninjection",0
"Detox","22_23","Female","Active_Injection",0
"Detox","22_23","Female","Nonactive_Noninjection",0
"Detox","22_23","Female","Nonactive_Injection",0
"Detox","24_25","Male","Active_Noninjection",0
"Detox","24_25","Male","Active_Injection",0
"Detox","24_25","Male","Nonactive_Noninjection",0
"Detox","24_25","Male","Nonactive_Injection",0
"Detox","24_25","Female","Active_Noninjection",0
"Detox","24_25","Female","Active_Injection",0
"Detox","24_25","Female","Nonactive_Noninjection",0
"Detox","24_25","Female","Nonactive_Injection",0
"Detox","26_27","Male","Active_Noninjection",0
"Detox","26_27","Male","Active_Injection",0
"Detox","26_27","Male","Nonactive_Noninjection",0
"Detox","26_27","Male","Nonactive_Injection",0
"Detox","26_27","Female","Active_Noninjection",0
"Detox","26_27","Female","Active_Injection",0
"Detox","26_27","Female","Nonactive_Noninjection",0
"Detox","26_27","Female","Nonactive_Injection",0
"Detox","28_29","Male","Active_Noninjection",0
"Detox","28_29","Male","Active_Injection",0
"Detox","28_29","Male","Nonactive_Noninjection",0
"Detox","28_29","Male","Nonactive_Injection",0
"Detox","28_29","Female","Active_Noninjection",0
"Detox","28_29","Female","Active_Injection",0
"Detox","28_29","Female","Nonactive_Noninjection",0
"Detox","28_29","Female","Nonactive_Injection",0
"Detox","30_31","Male","Active_Noninjection",0
"Detox","30_31","Male","Active_Injection",0
"Detox","30_31","Male","Nonactive_Noninjection",0
"Detox","30_31","Male","Nonactive_Injection",0
"Detox","30_31","Female","Active_Noninjection",0
"Detox","30_31","Female","Active_Injection",0
"Detox","30_31","Female","Nonactive_Noninjection",0
"Detox","30_31","Female","Nonactive_Injection",0
"Detox","32_33","Male","Active_Noninjection",0
"Detox","32_33","Male","Active_Injection",0
"Detox","32_33","Male","Nonactive_Noninjection",0
"Detox","32_33","Male","Nonactive_Injection",0
"Detox","32_33","Female","Active_Noninjection",0
"Detox","32_33","Female","Active_Injection",0
"Detox","32_33","Female","Nonactive_Noninjection",0
"Detox","32_33","Female","Nonactive_Injection",0
"Detox","34_35","Male","Active_Noninjection",0
"Detox","34_35","Male","Active_Injection",0
"Detox","34_35","Male","Nonactive_Noninjection",0
"Detox","34_35","Male","Nonactive_Injection",0
"Detox","34_35","Female","Active_Noninjection",0
"Detox","34_35","Female","Active_Injection",0
"Detox","34_35","Female","Nonactive_Noninjection",0
"Detox","34_35","Female","Nonactive_Injection",0
"Detox","36_37","Male","Active_Noninjection",0
"Detox","36_37","Male","Active_Injection",0
"Detox","36_37","Male","Nonactive_Noninjection",0
"Detox","36_37","Male","Nonactive_Injection",0
"Detox","36_37","Female","Active_Noninjection",0
"Detox","36_37","Female","Active_Injection",0
"Detox","36_37","Female","Nonactive_Noninjection",0
"Detox","36_37","Female","Nonactive_Injection",0
"Detox","38_39","Male","Active_Noninjection",0
"Detox","38_39","Male","Active_Injection",0
"Detox","38_39","Male","Nonactive_Noninjection",0
"Detox","38_39","Male","Nonactive_Injection",0
"Detox","38_39","Female","Active_Noninjection",0
"Detox","38_39","Female","Active_Injection",0
"Detox","38_39","Female","Nonactive_Noninjection",0
"Detox","38_39","Female","Nonactive_Injection",0
"Detox","40_41","Male","Active_Noninjection",0
"Detox","40_41","Male","Active_Injection",0
"Detox","40_41","Male","Nonactive_Noninjection",0
"Detox","40_41","Male","Nonactive_Injection",0
"Detox","40_41","Female","Active_Noninjection",0
"Detox","40_41","Female","Active_Injection",0
"Detox","40_41","Female","Nonactive_Noninjection",0
"Detox","40_41","Female","Nonactive_Injection",0
"Detox","42_43","Male","Active_Noninjection",0
"Detox","42_43","Male","Active_Injection",0
"Detox","42_43","Male","Nonactive_Noninjection",0
"Detox","42_43","Male","Nonactive_Injection",0
"Detox","42_43","Female","Active_Noninjection",0
"Detox","42_43","Female","Active_Injection",0
"Detox","42_43","Female","Nonactive_Noninjection",0
"Detox","42_43","Female","Nonactive_Injection",0
"Detox","44_45","Male","Active_Noninjection",0
"Detox","44_45","Male","Active_Injection",0
"Detox","44_45","Male","Nonactive_Noninjection",0
"Detox","44_45","Male","Nonactive_Injection",0
"Detox","44_45","Female","Active_Noninjection",0
"Detox","44_45","Female","Active_Injection",0
"Detox","44_45","Female","Nonactive_Noninjection",0
"Detox","44_45","Female","Nonactive_Injection",0
"Detox","46_47","Male","Active_Noninjection",0
"Detox","46_47","Male","Active_Injection",0
"Detox","46_47","Male","Nonactive_Noninjection",0
"Detox","46_47","Male","Nonactive_Injection",0
"Detox","46_47","Female","Active_Noninjection",0
"Detox","46_47","Female","Active_Injection",0
"Detox","46_47","Female","Nonactive_Noninjection",0
"Detox","46_47","Female","Nonactive_Injection",0
"Detox","48_49","Male","Active_Noninjection",0
"Detox","48_49","Male","Active_Injection",0
"Detox","48_49","Male","Nonactive_Noninjection",0
"Detox","48_49","Male","Nonactive_Injection",0
"Detox","48_49","Female","Active_Noninjection",0
"Detox","48_49","Female","Active_Injection",0
"Detox","48_49","Female","Nonactive_Noninjection",0
"Detox","48_49","Female","Nonactive_Injection",0
"Detox","50_51","Male","Active_Noninjection",0
"Detox","50_51","Male","Active_Injection",0
"Detox","50_51","Male","Nonactive_Noninjection",0
"Detox","50_51","Male","Nonactive_Injection",0
"Detox","50_51","Female","Active_Noninjection",0
"Detox","50_51","Female","Active_Injection",0
"Detox","50_51","Female","Nonactive_Noninjection",0
"Detox","50_51","Female","Nonactive_Injection",0
"Detox","52_53","Male","Active_Noninjection",0
"Detox","52_53","Male","Active_Injection",0
"Detox","52_53","Male","Nonactive_Noninjection",0
"Detox","52_53","Male","Nonactive_Injection",0
"Detox","52_53","Female","Active_Noninjection",0
"Detox","52_53","Female","Active_Injection",0
"Detox","52_53","Female","Nonactive_Noninjection",0
"Detox","52_53","Female","Nonactive_Injection",0
"Detox","54_55","Male","Active_Noninjection",0
"Detox","54_55","Male","Active_Injection",0
"Detox","54_55","Male","Nonactive_Noninjection",0
"Detox","54_55","Male","Nonactive_Injection",0
"Detox","54_55","Female","Active_Noninjection",0
"Detox","54_55","Female","Active_Injection",0
"Detox","54_55","Female","Nonactive_Noninjection",0
"Detox","54_55","Female","Nonactive_Injection",0
"Detox","56_57","Male","Active_Noninjection",0
"Detox","56_57","Male","Active_Injection",0
"Detox","56_57","Male","Nonactive_Noninjection",0
"Detox","56_57","Male","Nonactive_Injection",0
"Detox","56_57","Female","Active_Noninjection",0
"Detox","56_57","Female","Active_Injection",0
"Detox","56_57","Female","Nonactive_Noninjection",0
"Detox","56_57","Female","Nonactive_Injection",0
"Detox","58_59","Male","Active_Noninjection",0
"Detox","58_59","Male","Active_Injection",0
"Detox","58_59","Male","Nonactive_Noninjection",0
"Detox","58_59","Male","Nonactive_Injection",0
"Detox","58_59","Female","Active_Noninjection",0
"Detox","58_59","Female","Active_Injection",0
"Detox","58_59","Female","Nonactive_Noninjection",0
"Detox","58_59","Female","Nonactive_Injection",0
"Detox","60_61","Male","Active_Noninjection",0
"Detox","60_61","Male","Active_Injection",0
"Detox","60_61","Male","Nonactive_Noninjection",0
"Detox","60_61","Male","Nonactive_Injection",0
"Detox","60_61","Female","Active_Noninjection",0
"Detox","60_61","Female","Active_Injection",0
"Detox","60_61","Female","Nonactive_Noninjection",0
"Detox","60_61","Female","Nonactive_Injection",0
"Detox","62_63","Male","Active_Noninjection",0
"Detox","62_63","Male","Active_Injection",0
"Detox","62_63","Male","Nonactive_Noninjection",0
"Detox","62_63","Male","Nonactive_Injection",0
"Detox","62_63","Female","Active_Noninjection",0
"Detox","62_63","Female","Active_Injection",0
"Detox","62_63","Female","Nonactive_Noninjection",0
"Detox","62_63","Female","Nonactive_Injection",0
"Detox","64_65","Male","Active_Noninjection",0
"Detox","64_65","Male","Active_Injection",0
"Detox","64_65","Male","Nonactive_Noninjection",0
"Detox","64_65","Male","Nonactive_Injection",0
"Detox","64_65","Female","Active_Noninjection",0
"Detox","64_65","Female","Active_Injection",0
"Detox","64_65","Female","Nonactive_Noninjection",0
"Detox","64_65","Female","Nonactive_Injection",0
"Detox","66_67","Male","Active_Noninjection",0
"Detox","66_67","Male","Active_Injection",0
"Detox","66_67","Male","Nonactive_Noninjection",0
"Detox","66_67","Male","Nonactive_Injection",0
"Detox","66_67","Female","Active_Noninjection",0
"Detox","66_67","Female","Active_Injection",0
"Detox","66_67","Female","Nonactive_Noninjection",0
"Detox","66_67","Female","Nonactive_Injection",0
"Detox","68_69","Male","Active_Noninjection",0
"Detox","68_69","Male","Active_Injection",0
"Detox","68_69","Male","Nonactive_Noninjection",0
"Detox","68_69","Male","Nonactive_Injection",0
"Detox","68_69","Female","Active_Noninjection",0
"Detox","68_69","Female","Active_Injection",0
"Detox","68_69","Female","Nonactive_Noninjection",0
"Detox","68_69","Female","Nonactive_Injection",0
"Detox","70_71","Male","Active_Noninjection",0
"Detox","70_71","Male","Active_Injection",0
"Detox","70_71","Male","Nonactive_Noninjection",0
"Detox","70_71","Male","Nonactive_Injection",0
"Detox","70_71","Female","Active_Noninjection",0
"Detox","70_71","Female","Active_Injection",0
"Detox","70_71","Female","Nonactive_Noninjection",0
"Detox","70_71","Female","Nonactive_Injection",0
"Detox","72_73","Male","Active_Noninjection",0
"Detox","72_73","Male","Active_Injection",0
"Detox","72_73","Male","Nonactive_Noninjection",0
"Detox","72_73","Male","Nonactive_Injection",0
"Detox","72_73","Female","Active_Noninjection",0
"Detox","72_73","Female","Active_Injection",0
"Detox","72_73","Female","Nonactive_Noninjection",0
"Detox","72_73","Female","Nonactive_Injection",0
"Detox","74_75","Male","Active_Noninjection",0
"Detox","74_75","Male","Active_Injection",0
"Detox","74_75","Male","Nonactive_Noninjection",0
"Detox","74_75","Male","Nonactive_Injection",0
"Detox","74_75","Female","Active_Noninjection",0
"Detox","74_75","Female","Active_Injection",0
"Detox","74_75","Female","Nonactive_Noninjection",0
"Detox","74_75","Female","Nonactive_Injection",0
"Detox","76_77","Male","Active_Noninjection",0
"Detox","76_77","Male","Active_Injection",0
"Detox","76_77","Male","Nonactive_Noninjection",0
"Detox","76_77","Male","Nonactive_Injection",0
"Detox","76_77","Female","Active_Noninjection",0
"Detox","76_77","Female","Active_Injection",0
"Detox","76_77","Female","Nonactive_Noninjection",0
"Detox","76_77","Female","Nonactive_Injection",0
"Detox","78_79","Male","Active_Noninjection",0
"Detox","78_79","Male","Active_Injection",0
"Detox","78_79","Male","Nonactive_Noninjection",0
"Detox","78_79","Male","Nonactive_Injection",0
"Detox","78_79","Female","Active_Noninjection",0
"Detox","78_79","Female","Active_Injection",0
"Detox","78_79","Female","Nonactive_Noninjection",0
"Detox","78_79","Female","Nonactive_Injection",0
"Detox","80_81","Male","Active_Noninjection",0
"Detox","80_81","Male","Active_Injection",0
"Detox","80_81","Male","Nonactive_Noninjection",0
"Detox","80_81","Male","Nonactive_Injection",0
"Detox","80_81","Female","Active_Noninjection",0
"Detox","80_81","Female","Active_Injection",0
"Detox","80_81","Female","Nonactive_Noninjection",0
"Detox","80_81","Female","Nonactive_Injection",0
"Detox","82_83","Male","Active_Noninjection",0
"Detox","82_83","Male","Active_Injection",0
"Detox","82_83","Male","Nonactive_Noninjection",0
"Detox","82_83","Male","Nonactive_Injection",0
"Detox","82_83","Female","Active_Noninjection",0
"Detox","82_83","Female","Active_Injection",0
"Detox","82_83","Female","Nonactive_Noninjection",0
"Detox","82_83","Female","Nonactive_Injection",0
"Detox","84_85","Male","Active_Noninjection",0
"Detox","84_85","Male","Active_Injection",0
"Detox","84_85","Male","Nonactive_Noninjection",0
"Detox","84_85","Male","Nonactive_Injection",0
"Detox","84_85","Female","Active_Noninjection",0
"Detox","84_85","Female","Active_Injection",0
"Detox","84_85","Female","Nonactive_Noninjection",0
"Detox","84_85","Female","Nonactive_Injection",0
"Detox","86_87","Male","Active_Noninjection",0
"Detox","86_87","Male","Active_Injection",0
"Detox","86_87","Male","Nonactive_Noninjection",0
"Detox","86_87","Male","Nonactive_Injection",0
"Detox","86_87","Female","Active_Noninjection",0
"Detox","86_87","Female","Active_Injection",0
"Detox","86_87","Female","Nonactive_Noninjection",0
"Detox","86_87","Female","Nonactive_Injection",0
"Detox","88_89","Male","Active_Noninjection",0
"Detox","88_89","Male","Active_Injection",0
"Detox","88_89","Male","Nonactive_Noninjection",0
"Detox","88_89","Male","Nonactive_Injection",0
"Detox","88_89","Female","Active_Noninjection",0
"Detox","88_89","Female","Active_Injection",0
"Detox","88_89","Female","Nonactive_Noninjection",0
"Detox","88_89","Female","Nonactive_Injection",0
"Detox","90_91","Male","Active_Noninjection",0
"Detox","90_91","Male","Active_Injection",0
"Detox","90_91","Male","Nonactive_Noninjection",0
"Detox","90_91","Male","Nonactive_Injection",0
"Detox","90_91","Female","Active_Noninjection",0
"Detox","90_91","Female","Active_Injection",0
"Detox","90_91","Female","Nonactive_Noninjection",0
"Detox","90_91","Female","Nonactive_Injection",0
"Detox","92_93","Male","Active_Noninjection",0
"Detox","92_93","Male","Active_Injection",0
"Detox","92_93","Male","Nonactive_Noninjection",0
"Detox","92_93","Male","Nonactive_Injection",0
"Detox","92_93","Female","Active_Noninjection",0
"Detox","92_93","Female","Active_Injection",0
"Detox","92_93","Female","Nonactive_Noninjection",0
"Detox","92_93","Female","Nonactive_Injection",0
"Detox","94_95","Male","Active_Noninjection",0
"Detox","94_95","Male","Active_Injection",0
"Detox","94_95","Male","Nonactive_Noninjection",0
"Detox","94_95","Male","Nonactive_Injection",0
"Detox","94_95","Female","Active_Noninjection",0
"Detox","94_95","Female","Active_Injection",0
"Detox","94_95","Female","Nonactive_Noninjection",0
"Detox","94_95","Female","Nonactive_Injection",0
"Detox","96_97","Male","Active_Noninjection",0
"Detox","96_97","Male","Active_Injection",0
"Detox","96_97","Male","Nonactive_Noninjection",0
"Detox","96_97","Male","Nonactive_Injection",0
"Detox","96_97","Female","Active_Noninjection",0
"Detox","96_97","Female","Active_Injection",0
"Detox","96_97","Female","Nonactive_Noninjection",0
"Detox","96_97","Female","Nonactive_Injection",0
"Detox","98_99","Male","Active_Noninjection",0
"Detox","98_99","Male","Active_Injection",0
"Detox","98_99","Male","Nonactive_Noninjection",0
"Detox","98_99","Male","Nonactive_Injection",0
"Detox","98_99","Female","Active_Noninjection",0
"Detox","98_99","Female","Active_Injection",0
"Detox","98_99","Female","Nonactive_Noninjection",0
"Detox","98_99","Female","Nonactive_Injection",0
"Post-Buprenorphine","10_11","Male","Active_Noninjection",243
"Post-Buprenorphine","10_11","Male","Active_Injection",355.96
"Post-Buprenorphine","10_11","Male","Nonactive_Noninjection",162.22
"Post-Buprenorphine","10_11","Male","Nonactive_Injection",260.11
"Post-Buprenorphine","10_11","Female","Active_Noninjection",243
"Post-Buprenorphine","10_11","Female","Active_Injection",355.96
"Post-Buprenorphine","10_11","Female","Nonactive_Noninjection",162.22
"Post-Buprenorphine","10_11","Female","Nonactive_Injection",260.11
"Post-Buprenorphine","12_13","Male","Active_Noninjection",243
"Post-Buprenorphine","12_13","Male","Active_Injection",355.96
"Post-Buprenorphine","12_13","Male","Nonactive_Noninjection",162.22
"Post-Buprenorphine","12_13","Male","Nonactive_Injection",260.11
"Post-Buprenorphine","12_13","Female","Active_Noninjection",243
"Post-Buprenorphine","12_13","Female","Active_Injection",355.96
"Post-Buprenorphine","12_13","Female","Nonactive_Noninjection",162.22
"Post-Buprenorphine","12_13","Female","Nonactive_Injection",260.11
"Post-Buprenorphine","14_15","Male","Active_Noninjection",243
"Post-Buprenorphine","14_15","Male","Active_Injection",355.96
"Post-Buprenorphine","14_15","Male","Nonactive_Noninjection",162.22
"Post-Buprenorphine","14_15","Male","Nonactive_Injection",260.11
"Post-Buprenorphine","14_15","Female","Active_Noninjection",243
"Post-Buprenorphine","14_15","Female","Active_Injection",355.96
"Post-Buprenorphine","14_15","Female","Nonactive_Noninjection",162.22
"Post-Buprenorphine","14_15","Female","Nonactive_Injection",260.11
"Post-Buprenorphine","16_17","Male","Active_Noninjection",243
"Post-Buprenorphine","16_17","Male","Active_Injection",355.96
"Post-Buprenorphine","16_17","Male","Nonactive_Noninjection",162.22
"Post-Buprenorphine","16_17","Male","Nonactive_Injection",260.11
"Post-Buprenorphine","16_17","Female","Active_Noninjection",243
"Post-Buprenorphine","16_17","Female","Active_Injection",355.96
"Post-Buprenorphine","16_17","Female","Nonactive_Noninjection",162.22
"Post-Buprenorphine","16_17","Female","Nonactive_Injection",260.11
"Post-Buprenorphine","18_19","Male","Active_Noninjection",243
"Post-Buprenorphine","18_19","Male","Active_Injection",355.96
"Post-Buprenorphine","18_19","Male","Nonactive_Noninjection",162.22
"Post-Buprenorphine","18_19","Male","Nonactive_Injection",260.11
"Post-Buprenorphine","18_19","Female","Active_Noninjection",243
"Post-Buprenorphine","18_19","Female","Active_Injection",355.96
"Post-Buprenorphine","18_19","Female","Nonactive_Noninjection",162.22
"Post-Buprenorphine","18_19","Female","Nonactive_Injection",260.11
"Post-Buprenorphine","20_21","Male","Active_Noninjection",243
"Post-Buprenorphine","20_21","Male","Active_Injection",355.96
"Post-Buprenorphine","20_21","Male","Nonactive_Noninjection",162.22
"Post-Buprenorphine","20_21","Male","Nonactive_Injection",260.11
"Post-Buprenorphine","20_21","Female","Active_Noninjection",243
"Post-Buprenorphine","20_21","Female","Active_Injection",355.96
"Post-Buprenorphine","20_21","Female","Nonactive_Noninjection",162.22
"Post-Buprenorphine","20_21","Female","Nonactive_Injection",260.11
"Post-Buprenorphine","22_23","Male","Active_Noninjection",243
"Post-Buprenorphine","22_23","Male","Active_Injection",355.96
"Post-Buprenorphine","22_23","Male","Nonactive_Noninjection",162.22
"Post-Buprenorphine","22_23","Male","Nonactive_Injection",260.11
"Post-Buprenorphine","22_23","Female","Active_Noninjection",243
"Post-Buprenorphine","22_23","Female","Active_Injection",355.96
"Post-Buprenorphine","22_23","Female","Nonactive_Noninjection",162.22
"Post-Buprenorphine","22_23","Female","Nonactive_Injection",260.11
"Post-Buprenorphine","24_25","Male","Active_Noninjection",301.5
"Post-Buprenorphine","24_25","Male","Active_Injection",426.14
"Post-Buprenorphine","24_25","Male","Nonactive_Noninjection",207.635
"Post-Buprenorphine","24_25","Male","Nonactive_Injection",317.065
"Post-Buprenorphine","24_25","Female","Active_Noninjection",301.5
"Post-Buprenorphine","24_25","Female","Active_Injection",426.14
"Post-Buprenorphine","24_25","Female","Nonactive_Noninjection",207.635
"Post-Buprenorphine","24_25","Female","Nonactive_Injection",317.065
"Post-Buprenorphine","26_27","Male","Active_Noninjection",360
"Post-Buprenorphine","26_27","Male","Active_Injection",496.32
"Post-Buprenorphine","26_27","Male","Nonactive_Noninjection",253.05
"Post-Buprenorphine","26_27","Male","Nonactive_Injection",374.02
"Post-Buprenorphine","26_27","Female","Active_Noninjection",360
"Post-Buprenorphine","26_27","Female","Active_Injection",496.32
"Post-Buprenorphine","26_27","Female","Nonactive_Noninjection",253.05
"Post-Buprenorphine","26_27","Female","Nonactive_Injection",374.02
"Post-Buprenorphine","28_29","Male","Active_Noninjection",360
"Post-Buprenorphine","28_29","Male","Active_Injection",496.32
"Post-Buprenorphine","28_29","Male","Nonactive_Noninjection",253.05
"Post-Buprenorphine","28_29","Male","Nonactive_Injection",374.02
"Post-Buprenorphine","28_29","Female","Active_Noninjection",360
"Post-Buprenorphine","28_29","Female","Active_Injection",496.32
"Post-Buprenorphine","28_29","Female","Nonactive_Noninjection",253.05
"Post-Buprenorphine","28_29","Female","Nonactive_Injection",374.02
"Post-Buprenorphine","30_31","Male","Active_Noninjection",360
"Post-Buprenorphine","30_31","Male","Active_Injection",496.32
"Post-Buprenorphine","30_31","Male","Nonactive_Noninjection",253.05
"Post-Buprenorphine","30_31","Male","Nonactive_Injection",374.02
"Post-Buprenorphine","30_31","Female","Active_Noninjection",360
"Post-Buprenorphine","30_31","Female","Active_Injection",496.32
"Post-Buprenorphine","30_31","Female","Nonactive_Noninjection",253.05
"Post-Buprenorphine","30_31","Female","Nonactive_Injection",374.02
"Post-Buprenorphine","32_33","Male","Active_Noninjection",360
"Post-Buprenorphine","32_33","Male","Active_Injection",496.32
"Post-Buprenorphine","32_33","Male","Nonactive_Noninjection",253.05
"Post-Buprenorphine","32_33","Male","Nonactive_Injection",374.02
"Post-Buprenorphine","32_33","Female","Active_Noninjection",360
"Post-Buprenorphine","32_33","Female","Active_Injection",496.32
"Post-Buprenorphine","32_33","Female","Nonactive_Noninjection",253.05
"Post-Buprenorphine","32_33","Female","Nonactive_Injection",374.02
"Post-Buprenorphine","34_35","Male","Active_Noninjection",360
"Post-Buprenorphine","34_35","Male","Active_Injection",496.32
"Post-Buprenorphine","34_35","Male","Nonactive_Noninjection",253.05
"Post-Buprenorphine","34_35","Male","Nonactive_Injection",374.02
"Post-Buprenorphine","34_35","Female","Active_Noninjection",360
"Post-Buprenorphine","34_35","Female","Active_Injection",496.32
"Post-Buprenorphine","34_35","Female","Nonactive_Noninjection",253.05
"Post-Buprenorphine","34_35","Female","Nonactive_Injection",374.02
"Post-Buprenorphine","36_37","Male","Active_Noninjection",360
"Post-Buprenorphine","36_37","Male","Active_Injection",496.32
"Post-Buprenorphine","36_37","Male","Nonactive_Noninjection",253.05
"Post-Buprenorphine","36_37","Male","Nonactive_Injection",374.02
"Post-Buprenorphine","36_37","Female","Active_Noninjection",360
"Post-Buprenorphine","36_37","Female","Active_Injection",496.32
"Post-Buprenorphine","36_37","Female","Nonactive_Noninjection",253.05
"Post-Buprenorphine","36_37","Female","Nonactive_Injection",374.02
"Post-Buprenorphine","38_39","Male","Active_Noninjection",360
"Post-Buprenorphine","38_39","Male","Active_Injection",496.32
"Post-Buprenorphine","38_39","Male","Nonactive_Noninjection",253.05
"Post-Buprenorphine","38_39","Male","Nonactive_Injection",374.02
"Post-Buprenorphine","38_39","Female","Active_Noninjection",360
"Post-Buprenorphine","38_39","Female","Active_Injection",496.32
"Post-Buprenorphine","38_39","Female","Nonactive_Noninjection",253.05
"Post-Buprenorphine","38_39","Female","Nonactive_Injection",374.02
"Post-Buprenorphine","40_41","Male","Active_Noninjection",360
"Post-Buprenorphine","40_41","Male","Active_Injection",496.32
"Post-Buprenorphine","40_41","Male","Nonactive_Noninjection",253.05
"Post-Buprenorphine","40_41","Male","Nonactive_Injection",374.02
"Post-Buprenorphine","40_41","Female","Active_Noninjection",360
"Post-Buprenorphine","40_41","Female","Active_Injection",496.32
"Post-Buprenorphine","40_41","Female","Nonactive_Noninjection",253.05
"Post-Buprenorphine","40_41","Female","Nonactive_Injection",374.02
"Post-Buprenorphine","42_43","Male","Active_Noninjection",360
"Post-Buprenorphine","42_43","Male","Active_Injection",496.32
"Post-Buprenorphine","42_43","Male","Nonactive_Noninjection",253.05
"Post-Buprenorphine","42_43","Male","Nonactive_Injection",374.02
"Post-Buprenorphine","42_43","Female","Active_Noninjection",360
"Post-Buprenorphine","42_43","Female","Active_Injection",496.32
"Post-Buprenorphine","42_43","Female","Nonactive_Noninjection",253.05
"Post-Buprenorphine","42_43","Female","Nonactive_Injection",374.02
"Post-Buprenorphine","44_45","Male","Active_Noninjection",330.5
"Post-Buprenorphine","44_45","Male","Active_Injection",459.405
"Post-Buprenorphine","44_45","Male","Nonactive_Noninjection",227.51
"Post-Buprenorphine","44_45","Male","Nonactive_Injection",340.345
"Post-Buprenorphine","44_45","Female","Active_Noninjection",330.5
"Post-Buprenorphine","44_45","Female","Active_Injection",459.405
"Post-Buprenorphine","44_45","Female","Nonactive_Noninjection",227.51
"Post-Buprenorphine","44_45","Female","Nonactive_Injection",340.345
"Post-Buprenorphine","46_47","Male","Active_Noninjection",301
"Post-Buprenorphine","46_47","Male","Active_Injection",422.49
"Post-Buprenorphine","46_47","Male","Nonactive_Noninjection",201.97
"Post-Buprenorphine","46_47","Male","Nonactive_Injection",306.67
"Post-Buprenorphine","46_47","Female","Active_Noninjection",301
"Post-Buprenorphine","46_47","Female","Active_Injection",422.49
"Post-Buprenorphine","46_47","Female","Nonactive_Noninjection",201.97
"Post-Buprenorphine","46_47","Female","Nonactive_Injection",306.67
"Post-Buprenorphine","48_49","Male","Active_Noninjection",301
"Post-Buprenorphine","48_49","Male","Active_Injection",422.49
"Post-Buprenorphine","48_49","Male","Nonactive_Noninjection",201.97
"Post-Buprenorphine","48_49","Male","Nonactive_Injection",306.67
"Post-Buprenorphine","48_49","Female","Active_Noninjection",301
"Post-Buprenorphine","48_49","Female","Active_Injection",422.49
"Post-Buprenorphine","48_49","Female","Nonactive_Noninjection",201.97
"Post-Buprenorphine","48_49","Female","Nonactive_Injection",306.67
"Post-Buprenorphine","50_51","Male","Active_Noninjection",301
"Post-Buprenorphine","50_51","Male","Active_Injection",422.49
"Post-Buprenorphine","50_51","Male","Nonactive_Noninjection",201.97
"Post-Buprenorphine","50_51","Male","Nonactive_Injection",306.67
"Post-Buprenorphine","50_51","Female","Active_Noninjection",301
"Post-Buprenorphine","50_51","Female","Active_Injection",422.49
"Post-Buprenorphine","50_51","Female","Nonactive_Noninjection",201.97
"Post-Buprenorphine","50_51","Female","Nonactive_Injection",306.67
"Post-Buprenorphine","52_53","Male","Active_Noninjection",301
"Post-Buprenorphine","52_53","Male","Active_Injection",422.49
"Post-Buprenorphine","52_53","Male","Nonactive_Noninjection",201.97
"Post-Buprenorphine","52_53","Male","Nonactive_Injection",306.67
"Post-Buprenorphine","52_53","Female","Active_Noninjection",301
"Post-Buprenorphine","52_53","Female","Active_Injection",422.49
"Post-Buprenorphine","52_53","Female","Nonactive_Noninjection",201.97
"Post-Buprenorphine","52_53","Female","Nonactive_Injection",306.67
"Post-Buprenorphine","54_55","Male","Active_Noninjection",301
"Post-Buprenorphine","54_55","Male","Active_Injection",422.49
"Post-Buprenorphine","54_55","Male","Nonactive_Noninjection",201.97
"Post-Buprenorphine","54_55","Male","Nonactive_Injection",306.67
"Post-Buprenorphine","54_55","Female","Active_Noninjection",301
"Post-Buprenorphine","54_55","Female","Active_Injection",422.49
"Post-Buprenorphine","54_55","Female","Nonactive_Noninjection",201.97
"Post-Buprenorphine","54_55","Female","Nonactive_Injection",306.67
"Post-Buprenorphine","56_57","Male","Active_Noninjection",301
"Post-Buprenorphine","56_57","Male","Active_Injection",422.49
"Post-Buprenorphine","56_57","Male","Nonactive_Noninjection",201.97
"Post-Buprenorphine","56_57","Male","Nonactive_Injection",306.67
"Post-Buprenorphine","56_57","Female","Active_Noninjection",301
"Post-Buprenorphine","56_57","Female","Active_Injection",422.49
"Post-Buprenorphine","56_57","Female","Nonactive_Noninjection",201.97
"Post-Buprenorphine","56_57","Female","Nonactive_Injection",306.67
"Post-Buprenorphine","58_59","Male","Active_Noninjection",301
"Post-Buprenorphine","58_59","Male","Active_Injection",422.49
"Post-Buprenorphine","58_59","Male","Nonactive_Noninjection",201.97
"Post-Buprenorphine","58_59","Male","Nonactive_Injection",306.67
"Post-Buprenorphine","58_59","Female","Active_Noninjection",301
"Post-Buprenorphine","58_59","Female","Active_Injection",422.49
"Post-Buprenorphine","58_59","Female","Nonactive_Noninjection",201.97
"Post-Buprenorphine","58_59","Female","Nonactive_Injection",306.67
"Post-Buprenorphine","60_61","Male","Active_Noninjection",301
"Post-Buprenorphine","60_61","Male","Active_Injection",422.49
"Post-Buprenorphine","60_61","Male","Nonactive_Noninjection",201.97
"Post-Buprenorphine","60_61","Male","Nonactive_Injection",306.67
"Post-Buprenorphine","60_61","Female","Active_Noninjection",301
"Post-Buprenorphine","60_61","Female","Active_Injection",422.49
"Post-Buprenorphine","60_61","Female","Nonactive_Noninjection",201.97
"Post-Buprenorphine","60_61","Female","Nonactive_Injection",306.67
"Post-Buprenorphine","62_63","Male","Active_Noninjection",301
"Post-Buprenorphine","62_63","Male","Active_Injection",422.49
"Post-Buprenorphine","62_63","Male","Nonactive_Noninjection",201.97
"Post-Buprenorphine","62_63","Male","Nonactive_Injection",306.67
"Post-Buprenorphine","62_63","Female","Active_Noninjection",301
"Post-Buprenorphine","62_63","Female","Active_Injection",422.49
"Post-Buprenorphine","62_63","Female","Nonactive_Noninjection",201.97
"Post-Buprenorphine","62_63","Female","Nonactive_Injection",306.67
"Post-Buprenorphine","64_65","Male","Active_Noninjection",301
"Post-Buprenorphine","64_65","Male","Active_Injection",422.49
"Post-Buprenorphine","64_65","Male","Nonactive_Noninjection",201.97
"Post-Buprenorphine","64_65","Male","Nonactive_Injection",306.67
"Post-Buprenorphine","64_65","Female","Active_Noninjection",301
"Post-Buprenorphine","64_65","Female","Active_Injection",422.49
"Post-Buprenorphine","64_65","Female","Nonactive_Noninjection",201.97
"Post-Buprenorphine","64_65","Female","Nonactive_Injection",306.67
"Post-Buprenorphine","66_67","Male","Active_Noninjection",301
"Post-Buprenorphine","66_67","Male","Active_Injection",422.49
"Post-Buprenorphine","66_67","Male","Nonactive_Noninjection",201.97
"Post-Buprenorphine","66_67","Male","Nonactive_Injection",306.67
"Post-Buprenorphine","66_67","Female","Active_Noninjection",301
"Post-Buprenorphine","66_67","Female","Active_Injection",422.49
"Post-Buprenorphine","66_67","Female","Nonactive_Noninjection",201.97
"Post-Buprenorphine","66_67","Female","Nonactive_Injection",306.67
"Post-Buprenorphine","68_69","Male","Active_Noninjection",301
"Post-Buprenorphine","68_69","Male","Active_Injection",422.49
"Post-Buprenorphine","68_69","Male","Nonactive_Noninjection",201.97
"Post-Buprenorphine","68_69","Male","Nonactive_Injection",306.67
"Post-Buprenorphine","68_69","Female","Active_Noninjection",301
"Post-Buprenorphine","68_69","Female","Active_Injection",422.49
"Post-Buprenorphine","68_69","Female","Nonactive_Noninjection",201.97
"Post-Buprenorphine","68_69","Female","Nonactive_Injection",306.67
"Post-Buprenorphine","70_71","Male","Active_Noninjection",301
"Post-Buprenorphine","70_71","Male","Active_Injection",422.49
"Post-Buprenorphine","70_71","Male","Nonactive_Noninjection",201.97
"Post-Buprenorphine","70_71","Male","Nonactive_Injection",306.67
"Post-Buprenorphine","70_71","Female","Active_Noninjection",301
"Post-Buprenorphine","70_71","Female","Active_Injection",422.49
"Post-Buprenorphine","70_71","Female","Nonactive_Noninjection",201.97
"Post-Buprenorphine","70_71","Female","Nonactive_Injection",306.67
"Post-Buprenorphine","72_73","Male","Active_Noninjection",301
"Post-Buprenorphine","72_73","Male","Active_Injection",422.49
"Post-Buprenorphine","72_73","Male","Nonactive_Noninjection",201.97
"Post-Buprenorphine","72_73","Male","Nonactive_Injection",306.67
"Post-Buprenorphine","72_73","Female","Active_Noninjection",301
"Post-Buprenorphine","72_73","Female","Active_Injection",422.49
"Post-Buprenorphine","72_73","Female","Nonactive_Noninjection",201.97
"Post-Buprenorphine","72_73","Female","Nonactive_Injection",306.67
"Post-Buprenorphine","74_75","Male","Active_Noninjection",301
"Post-Buprenorphine","74_75","Male","Active_Injection",422.49
"Post-Buprenorphine","74_75","Male","Nonactive_Noninjection",201.97
"Post-Buprenorphine","74_75","Male","Nonactive_Injection",306.67
"Post-Buprenorphine","74_75","Female","Active_Noninjection",301
"Post-Buprenorphine","74_75","Female","Active_Injection",422.49
"Post-Buprenorphine","74_75","Female","Nonactive_Noninjection",201.97
"Post-Buprenorphine","74_75","Female","Nonactive_Injection",306.67
"Post-Buprenorphine","76_77","Male","Active_Noninjection",301
"Post-Buprenorphine","76_77","Male","Active_Injection",422.49
"Post-Buprenorphine","76_77","Male","Nonactive_Noninjection",201.97
"Post-Buprenorphine","76_77","Male","Nonactive_Injection",306.67
"Post-Buprenorphine","76_77","Female","Active_Noninjection",301
"Post-Buprenorphine","76_77","Female","Active_Injection",422.49
"Post-Buprenorphine","76_77","Female","Nonactive_Noninjection",201.97
"Post-Buprenorphine","76_77","Female","Nonactive_Injection",306.67
"Post-Buprenorphine","78_79","Male","Active_Noninjection",301
"Post-Buprenorphine","78_79","Male","Active_Injection",422.49
"Post-Buprenorphine","78_79","Male","Nonactive_Noninjection",201.97
"Post-Buprenorphine","78_79","Male","Nonactive_Injection",306.67
"Post-Buprenorphine","78_79","Female","Active_Noninjection",301
"Post-Buprenorphine","78_79","Female","Active_Injection",422.49
"Post-Buprenorphine","78_79","Female","Nonactive_Noninjection",201.97
"Post-Buprenorphine","78_79","Female","Nonactive_Injection",306.67
"Post-Buprenorphine","80_81","Male","Active_Noninjection",301
"Post-Buprenorphine","80_81","Male","Active_Injection",422.49
"Post-Buprenorphine","80_81","Male","Nonactive_Noninjection",201.97
"Post-Buprenorphine","80_81","Male","Nonactive_Injection",306.67
"Post-Buprenorphine","80_81","Female","Active_Noninjection",301
"Post-Buprenorphine","80_81","Female","Active_Injection",422.49
"Post-Buprenorphine","80_81","Female","Nonactive_Noninjection",201.97
"Post-Buprenorphine","80_81","Female","Nonactive_Injection",306.67
"Post-Buprenorphine","82_83","Male","Active_Noninjection",301
"Post-Buprenorphine","82_83","Male","Active_Injection",422.49
"Post-Buprenorphine","82_83","Male","Nonactive_Noninjection",201.97
"Post-Buprenorphine","82_83","Male","Nonactive_Injection",306.67
"Post-Buprenorphine","82_83","Female","Active_Noninjection",301
"Post-Buprenorphine","82_83","Female","Active_Injection",422.49
"Post-Buprenorphine","82_83","Female","Nonactive_Noninjection",201.97
"Post-Buprenorphine","82_83","Female","Nonactive_Injection",306.67
"Post-Buprenorphine","84_85","Male","Active_Noninjection",301
"Post-Buprenorphine","84_85","Male","Active_Injection",422.49
"Post-Buprenorphine","84_85","Male","Nonactive_Noninjection",201.97
"Post-Buprenorphine","84_85","Male","Nonactive_Injection",306.67
"Post-Buprenorphine","84_85","Female","Active_Noninjection",301
"Post-Buprenorphine","84_85","Female","Active_Injection",422.49
"Post-Buprenorphine","84_85","Female","Nonactive_Noninjection",201.97
"Post-Buprenorphine","84_85","Female","Nonactive_Injection",306.67
"Post-Buprenorphine","86_87","Male","Active_Noninjection",301
"Post-Buprenorphine","86_87","Male","Active_Injection",422.49
"Post-Buprenorphine","86_87","Male","Nonactive_Noninjection",201.97
"Post-Buprenorphine","86_87","Male","Nonactive_Injection",306.67
"Post-Buprenorphine","86_87","Female","Active_Noninjection",301
"Post-Buprenorphine","86_87","Female","Active_Injection",422.49
"Post-Buprenorphine","86_87","Female","Nonactive_Noninjection",201.97
"Post-Buprenorphine","86_87","Female","Nonactive_Injection",306.67
"Post-Buprenorphine","88_89","Male","Active_Noninjection",301
"Post-Buprenorphine","88_89","Male","Active_Injection",422.49
"Post-Buprenorphine","88_89","Male","Nonactive_Noninjection",201.97
"Post-Buprenorphine","88_89","Male","Nonactive_Injection",306.67
"Post-Buprenorphine","88_89","Female","Active_Noninjection",301
"Post-Buprenorphine","88_89","Female","Active_Injection",422.49
"Post-Buprenorphine","88_89","Female","Nonactive_Noninjection",201.97
"Post-Buprenorphine","88_89","Female","Nonactive_Injection",306.67
"Post-Buprenorphine","90_91","Male","Active_Noninjection",301
"Post-Buprenorphine","90_91","Male","Active_Injection",422.49
"Post-Buprenorphine","90_91","Male","Nonactive_Noninjection",201.97
"Post-Buprenorphine","90_91","Male","Nonactive_Injection",306.67
"Post-Buprenorphine","90_91","Female","Active_Noninjection",301
"Post-Buprenorphine","90_91","Female","Active_Injection",422.49
"Post-Buprenorphine","90_91","Female","Nonactive_Noninjection",201.97
"Post-Buprenorphine","90_91","Female","Nonactive_Injection",306.67
"Post-Buprenorphine","92_93","Male","Active_Noninjection",301
"Post-Buprenorphine","92_93","Male","Active_Injection",422.49
"Post-Buprenorphine","92_93","Male","Nonactive_Noninjection",201.97
"Post-Buprenorphine","92_93","Male","Nonactive_Injection",306.67
"Post-Buprenorphine","92_93","Female","Active_Noninjection",301
"Post-Buprenorphine","92_93","Female","Active_Injection",422.49
"Post-Buprenorphine","92_93","Female","Nonactive_Noninjection",201.97
"Post-Buprenorphine","92_93","Female","Nonactive_Injection",306.67
"Post-Buprenorphine","94_95","Male","Active_Noninjection",301
"Post-Buprenorphine","94_95","Male","Active_Injection",422.49
"Post-Buprenorphine","94_95","Male","Nonactive_Noninjection",201.97
"Post-Buprenorphine","94_95","Male","Nonactive_Injection",306.67
"Post-Buprenorphine","94_95","Female","Active_Noninjection",301
"Post-Buprenorphine","94_95","Female","Active_Injection",422.49
"Post-Buprenorphine","94_95","Female","Nonactive_Noninjection",201.97
"Post-Buprenorphine","94_95","Female","Nonactive_Injection",306.67
"Post-Buprenorphine","96_97","Male","Active_Noninjection",301
"Post-Buprenorphine","96_97","Male","Active_Injection",422.49
"Post-Buprenorphine","96_97","Male","Nonactive_Noninjection",201.97
"Post-Buprenorphine","96_97","Male","Nonactive_Injection",306.67
"Post-Buprenorphine","96_97","Female","Active_Noninjection",301
"Post-Buprenorphine","96_97","Female","Active_Injection",422.49
"Post-Buprenorphine","96_97","Female","Nonactive_Noninjection",201.97
"Post-Buprenorphine","96_97","Female","Nonactive_Injection",306.67
"Post-Buprenorphine","98_99","Male","Active_Noninjection",301
"Post-Buprenorphine","98_99","Male","Active_Injection",422.49
"Post-Buprenorphine","98_99","Male","Nonactive_Noninjection",201.97
"Post-Buprenorphine","98_99","Male","Nonactive_Injection",306.67
"Post-Buprenorphine","98_99","Female","Active_Noninjection",301
"Post-Buprenorphine","98_99","Female","Active_Injection",422.49
"Post-Buprenorphine","98_99","Female","Nonactive_Noninjection",201.97
"Post-Buprenorphine","98_99","Female","Nonactive_Injection",306.67
"Post-Naltrexone","10_11","Male","Active_Noninjection",243
"Post-Naltrexone","10_11","Male","Active_Injection",355.96
"Post-Naltrexone","10_11","Male","Nonactive_Noninjection",162.22
"Post-Naltrexone","10_11","Male","Nonactive_Injection",260.11
"Post-Naltrexone","10_11","Female","Active_Noninjection",243
"Post-Naltrexone","10_11","Female","Active_Injection",355.96
"Post-Naltrexone","10_11","Female","Nonactive_Noninjection",162.22
"Post-Naltrexone","10_11","Female","Nonactive_Injection",260.11
"Post-Naltrexone","12_13","Male","Active_Noninjection",243
"Post-Naltrexone","12_13","Male","Active_Injection",355.96
"Post-Naltrexone","12_13","Male","Nonactive_Noninjection",162.22
"Post-Naltrexone","12_13","Male","Nonactive_Injection",260.11
"Post-Naltrexone","12_13","Female","Active_Noninjection",243
"Post-Naltrexone","12_13","Female","Active_Injection",355.96
"Post-Naltrexone","12_13","Female","Nonactive_Noninjection",162.22
"Post-Naltrexone","12_13","Female","Nonactive_Injection",260.11
"Post-Naltrexone","14_15","Male","Active_Noninjection",243
"Post-Naltrexone","14_15","Male","Active_Injection",355.96
"Post-Naltrexone","14_15","Male","Nonactive_Noninjection",162.22
"Post-Naltrexone","14_15","Male","Nonactive_Injection",260.11
"Post-Naltrexone","14_15","Female","Active_Noninjection",243
"Post-Naltrexone","14_15","Female","Active_Injection",355.96
"Post-Naltrexone","14_15","Female","Nonactive_Noninjection",162.22
"Post-Naltrexone","14_15","Female","Nonactive_Injection",260.11
"Post-Naltrexone","16_17","Male","Active_Noninjection",243
"Post-Naltrexone","16_17","Male","Active_Injection",355.96
"Post-Naltrexone","16_17","Male","Nonactive_Noninjection",162.22
"Post-Naltrexone","16_17","Male","Nonactive_Injection",260.11
"Post-Naltrexone","16_17","Female","Active_Noninjection",243
"Post-Naltrexone","16_17","Female","Active_Injection",355.96
"Post-Naltrexone","16_17","Female","Nonactive_Noninjection",162.22
"Post-Naltrexone","16_17","Female","Nonactive_Injection",260.11
"Post-Naltrexone","18_19","Male","Active_Noninjection",243
"Post-Naltrexone","18_19","Male","Active_Injection",355.96
"Post-Naltrexone","18_19","Male","Nonactive_Noninjection",162.22
"Post-Naltrexone","18_19","Male","Nonactive_Injection",260.11
"Post-Naltrexone","18_19","Female","Active_Noninjection",243
"Post-Naltrexone","18_19","Female","Active_Injection",355.96
"Post-Naltrexone","18_19","Female","Nonactive_Noninjection",162.22
"Post-Naltrexone","18_19","Female","Nonactive_Injection",260.11
"Post-Naltrexone","20_21","Male","Active_Noninjection",243
"Post-Naltrexone","20_21","Male","Active_Injection",355.96
"Post-Naltrexone","20_21","Male","Nonactive_Noninjection",162.22
"Post-Naltrexone","20_21","Male","Nonactive_Injection",260.11
"Post-Naltrexone","20_21","Female","Active_Noninjection",243
"Post-Naltrexone","20_21","Female","Active_Injection",355.96
"Post-Naltrexone","20_21","Female","Nonactive_Noninjection",162.22
"Post-Naltrexone","20_21","Female","Nonactive_Injection",260.11
"Post-Naltrexone","22_23","Male","Active_Noninjection",243
"Post-Naltrexone","22_23","Male","Active_Injection",355.96
"Post-Naltrexone","22_23","Male","Nonactive_Noninjection",162.22
"Post-Naltrexone","22_23","Male","Nonactive_Injection",260.11
"Post-Naltrexone","22_23","Female","Active_Noninjection",243
"Post-Naltrexone","22_23","Female","Active_Injection",355.96
"Post-Naltrexone","22_23","Female","Nonactive_Noninjection",162.22
"Post-Naltrexone","22_23","Female","Nonactive_Injection",260.11
"Post-Naltrexone","24_25","Male","Active_Noninjection",301.5
"Post-Naltrexone","24_25","Male","Active_Injection",426.14
"Post-Naltrexone","24_25","Male","Nonactive_Noninjection",207.635
"Post-Naltrexone","24_25","Male","Nonactive_Injection",317.065
"Post-Naltrexone","24_25","Female","Active_Noninjection",301.5
"Post-Naltrexone","24_25","Female","Active_Injection",426.14
"Post-Naltrexone","24_25","Female","Nonactive_Noninjection",207.635
"Post-Naltrexone","24_25","Female","Nonactive_Injection",317.065
"Post-Naltrexone","26_27","Male","Active_Noninjection",360
"Post-Naltrexone","26_27","Male","Active_Injection",496.32
"Post-Naltrexone","26_27","Male","Nonactive_Noninjection",253.05
"Post-Naltrexone","26_27","Male","Nonactive_Injection",374.02
"Post-Naltrexone","26_27","Female","Active_Noninjection",360
"Post-Naltrexone","26_27","Female","Active_Injection",496.32
"Post-Naltrexone","26_27","Female","Nonactive_Noninjection",253.05
"Post-Naltrexone","26_27","Female","Nonactive_Injection",374.02
"Post-Naltrexone","28_29","Male","Active_Noninjection",360
"Post-Naltrexone","28_29","Male","Active_Injection",496.32
"Post-Naltrexone","28_29","Male","Nonactive_Noninjection",253.05
"Post-Naltrexone","28_29","Male","Nonactive_Injection",374.02
"Post-Naltrexone","28_29","Female","Active_Noninjection",360
"Post-Naltrexone","28_29","Female","Active_Injection",496.32
"Post-Naltrexone","28_29","Female","Nonactive_Noninjection",253.05
"Post-Naltrexone","28_29","Female","Nonactive_Injection",374.02
"Post-Naltrexone","30_31","Male","Active_Noninjection",360
"Post-Naltrexone","30_31","Male","Active_Injection",496.32
"Post-Naltrexone","30_31","Male","Nonactive_Noninjection",253.05
"Post-Naltrexone","30_31","Male","Nonactive_Injection",374.02
"Post-Naltrexone","30_31","Female","Active_Noninjection",360
"Post-Naltrexone","30_31","Female","Active_Injection",496.32
"Post-Naltrexone","30_31","Female","Nonactive_Noninjection",253.05
"Post-Naltrexone","30_31","Female","Nonactive_Injection",374.02
"Post-Naltrexone","32_33","Male","Active_Noninjection",360
"Post-Naltrexone","32_33","Male","Active_Injection",496.32
"Post-Naltrexone","32_33","Male","Nonactive_Noninjection",253.05
"Post-Naltrexone","32_33","Male","Nonactive_Injection",374.02
"Post-Naltrexone","32_33","Female","Active_Noninjection",360
"Post-Naltrexone","32_33","Female","Active_Injection",496.32
"Post-Naltrexone","32_33","Female","Nonactive_Noninjection",253.05
"Post-Naltrexone","32_33","Female","Nonactive_Injection",374.02
"Post-Naltrexone","34_35","Male","Active_Noninjection",360
"Post-Naltrexone","34_35","Male","Active_Injection",496.32
"Post-Naltrexone","34_35","Male","Nonactive_Noninjection",253.05
"Post-Naltrexone","34_35","Male","Nonactive_Injection",374.02
"Post-Naltrexone","34_35","Female","Active_Noninjection",360
"Post-Naltrexone","34_35","Female","Active_Injection",496.32
"Post-Naltrexone","34_35","Female","Nonactive_Noninjection",253.05
"Post-Naltrexone","34_35","Female","Nonactive_Injection",374.02
"Post-Naltrexone","36_37","Male","Active_Noninjection",360
"Post-Naltrexone","36_37","Male","Active_Injection",496.32
"Post-Naltrexone","36_37","Male","Nonactive_Noninjection",253.05
"Post-Naltrexone","36_37","Male","Nonactive_Injection",374.02
"Post-Naltrexone","36_37","Female","Active_Noninjection",360
"Post-Naltrexone","36_37","Female","Active_Injection",496.32
"Post-Naltrexone","36_37","Female","Nonactive_Noninjection",253.05
"Post-Naltrexone","36_37","Female","Nonactive_Injection",374.02
"Post-Naltrexone","38_39","Male","Active_Noninjection",360
"Post-Naltrexone","38_39","Male","Active_Injection",496.32
"Post-Naltrexone","38_39","Male","Nonactive_Noninjection",253.05
"Post-Naltrexone","38_39","Male","Nonactive_Injection",374.02
"Post-Naltrexone","38_39","Female","Active_Noninjection",360
"Post-Naltrexone","38_39","Female","Active_Injection",496.32
"Post-Naltrexone","38_39","Female","Nonactive_Noninjection",253.05
"Post-Naltrexone","38_39","Female","Nonactive_Injection",374.02
"Post-Naltrexone","40_41","Male","Active_Noninjection",360
"Post-Naltrexone","40_41","Male","Active_Injection",496.32
"Post-Naltrexone","40_41","Male","Nonactive_Noninjection",253.05
"Post-Naltrexone","40_41","Male","Nonactive_Injection",374.02
"Post-Naltrexone","40_41","Female","Active_Noninjection",360
"Post-Naltrexone","40_41","Female","Active_Injection",496.32
"Post-Naltrexone","40_41","Female","Nonactive_Noninjection",253.05
"Post-Naltrexone","40_41","Female","Nonactive_Injection",374.02
"Post-Naltrexone","42_43","Male","Active_Noninjection",360
"Post-Naltrexone","42_43","Male","Active_Injection",496.32
"Post-Naltrexone","42_43","Male","Nonactive_Noninjection",253.05
"Post-Naltrexone","42_43","Male","Nonactive_Injection",374.02
"Post-Naltrexone","42_43","Female","Active_Noninjection",360
"Post-Naltrexone","42_43","Female","Active_Injection",496.32
"Post-Naltrexone","42_43","Female","Nonactive_Noninjection",253.05
"Post-Naltrexone","42_43","Female","Nonactive_Injection",374.02
"Post-Naltrexone","44_45","Male","Active_Noninjection",330.5
"Post-Naltrexone","44_45","Male","Active_Injection",459.405
"Post-Naltrexone","44_45","Male","Nonactive_Noninjection",227.51
"Post-Naltrexone","44_45","Male","Nonactive_Injection",340.345
"Post-Naltrexone","44_45","Female","Active_Noninjection",330.5
"Post-Naltrexone","44_45","Female","Active_Injection",459.405
"Post-Naltrexone","44_45","Female","Nonactive_Noninjection",227.51
"Post-Naltrexone","44_45","Female","Nonactive_Injection",340.345
"Post-Naltrexone","46_47","Male","Active_Noninjection",301
"Post-Naltrexone","46_47","Male","Active_Injection",422.49
"Post-Naltrexone","46_47","Male","Nonactive_Noninjection",201.97
"Post-Naltrexone","46_47","Male","Nonactive_Injection",306.67
"Post-Naltrexone","46_47","Female","Active_Noninjection",301
"Post-Naltrexone","46_47","Female","Active_Injection",422.49
"Post-Naltrexone","46_47","Female","Nonactive_Noninjection",201.97
"Post-Naltrexone","46_47","Female","Nonactive_Injection",306.67
"Post-Naltrexone","48_49","Male","Active_Noninjection",301
"Post-Naltrexone","48_49","Male","Active_Injection",422.49
"Post-Naltrexone","48_49","Male","Nonactive_Noninjection",201.97
"Post-Naltrexone","48_49","Male","Nonactive_Injection",306.67
"Post-Naltrexone","48_49","Female","Active_Noninjection",301
"Post-Naltrexone","48_49","Female","Active_Injection",422.49
"Post-Naltrexone","48_49","Female","Nonactive_Noninjection",201.97
"Post-Naltrexone","48_49","Female","Nonactive_Injection",306.67
"Post-Naltrexone","50_51","Male","Active_Noninjection",301
"Post-Naltrexone","50_51","Male","Active_Injection",422.49
"Post-Naltrexone","50_51","Male","Nonactive_Noninjection",201.97
"Post-Naltrexone","50_51","Male","Nonactive_Injection",306.67
"Post-Naltrexone","50_51","Female","Active_Noninjection",301
"Post-Naltrexone","50_51","Female","Active_Injection",422.49
"Post-Naltrexone","50_51","Female","Nonactive_Noninjection",201.97
"Post-Naltrexone","50_51","Female","Nonactive_Injection",306.67
"Post-Naltrexone","52_53","Male","Active_Noninjection",301
"Post-Naltrexone","52_53","Male","Active_Injection",422.49
"Post-Naltrexone","52_53","Male","Nonactive_Noninjection",201.97
"Post-Naltrexone","52_53","Male","Nonactive_Injection",306.67
"Post-Naltrexone","52_53","Female","Active_Noninjection",301
"Post-Naltrexone","52_53","Female","Active_Injection",422.49
"Post-Naltrexone","52_53","Female","Nonactive_Noninjection",201.97
"Post-Naltrexone","52_53","Female","Nonactive_Injection",306.67
"Post-Naltrexone","54_55","Male","Active_Noninjection",301
"Post-Naltrexone","54_55","Male","Active_Injection",422.49
"Post-Naltrexone","54_55","Male","Nonactive_Noninjection",201.97
"Post-Naltrexone","54_55","Male","Nonactive_Injection",306.67
"Post-Naltrexone","54_55","Female","Active_Noninjection",301
"Post-Naltrexone","54_55","Female","Active_Injection",422.49
"Post-Naltrexone","54_55","Female","Nonactive_Noninjection",201.97
"Post-Naltrexone","54_55","Female","Nonactive_Injection",306.67
"Post-Naltrexone","56_57","Male","Active_Noninjection",301
"Post-Naltrexone","56_57","Male","Active_Injection",422.49
"Post-Naltrexone","56_57","Male","Nonactive_Noninjection",201.97
"Post-Naltrexone","56_57","Male","Nonactive_Injection",306.67
"Post-Naltrexone","56_57","Female","Active_Noninjection",301
"Post-Naltrexone","56_57","Female","Active_Injection",422.49
"Post-Naltrexone","56_57","Female","Nonactive_Noninjection",201.97
"Post-Naltrexone","56_57","Female","Nonactive_Injection",306.67
"Post-Naltrexone","58_59","Male","Active_Noninjection",301
"Post-Naltrexone","58_59","Male","Active_Injection",422.49
"Post-Naltrexone","58_59","Male","Nonactive_Noninjection",201.97
"Post-Naltrexone","58_59","Male","Nonactive_Injection",306.67
"Post-Naltrexone","58_59","Female","Active_Noninjection",301
"Post-Naltrexone","58_59","Female","Active_Injection",422.49
"Post-Naltrexone","58_59","Female","Nonactive_Noninjection",201.97
"Post-Naltrexone","58_59","Female","Nonactive_Injection",306.67
"Post-Naltrexone","60_61","Male","Active_Noninjection",301
"Post-Naltrexone","60_61","Male","Active_Injection",422.49
"Post-Naltrexone","60_61","Male","Nonactive_Noninjection",201.97
"Post-Naltrexone","60_61","Male","Nonactive_Injection",306.67
"Post-Naltrexone","60_61","Female","Active_Noninjection",301
"Post-Naltrexone","60_61","Female","Active_Injection",422.49
"Post-Naltrexone","60_61","Female","Nonactive_Noninjection",201.97
"Post-Naltrexone","60_61","Female","Nonactive_Injection",306.67
"Post-Naltrexone","62_63","Male","Active_Noninjection",301
"Post-Naltrexone","62_63","Male","Active_Injection",422.49
"Post-Naltrexone","62_63","Male","Nonactive_Noninjection",201.97
"Post-Naltrexone","62_63","Male","Nonactive_Injection",306.67
"Post-Naltrexone","62_63","Female","Active_Noninjection",301
"Post-Naltrexone","62_63","Female","Active_Injection",422.49
"Post-Naltrexone","62_63","Female","Nonactive_Noninjection",201.97
"Post-Naltrexone","62_63","Female","Nonactive_Injection",306.67
"Post-Naltrexone","64_65","Male","Active_Noninjection",301
"Post-Naltrexone","64_65","Male","Active_Injection",422.49
"Post-Naltrexone","64_65","Male","Nonactive_Noninjection",201.97
"Post-Naltrexone","64_65","Male","Nonactive_Injection",306.67
"Post-Naltrexone","64_65","Female","Active_Noninjection",301
"Post-Naltrexone","64_65","Female","Active_Injection",422.49
"Post-Naltrexone","64_65","Female","Nonactive_Noninjection",201.97
"Post-Naltrexone","64_65","Female","Nonactive_Injection",306.67
"Post-Naltrexone","66_67","Male","Active_Noninjection",301
"Post-Naltrexone","66_67","Male","Active_Injection",422.49
"Post-Naltrexone","66_67","Male","Nonactive_Noninjection",201.97
"Post-Naltrexone","66_67","Male","Nonactive_Injection",306.67
"Post-Naltrexone","66_67","Female","Active_Noninjection",301
"Post-Naltrexone","66_67","Female","Active_Injection",422.49
"Post-Naltrexone","66_67","Female","Nonactive_Noninjection",201.97
"Post-Naltrexone","66_67","Female","Nonactive_Injection",306.67
"Post-Naltrexone","68_69","Male","Active_Noninjection",301
"Post-Naltrexone","68_69","Male","Active_Injection",422.49
"Post-Naltrexone","68_69","Male","Nonactive_Noninjection",201.97
"Post-Naltrexone","68_69","Male","Nonactive_Injection",306.67
"Post-Naltrexone","68_69","Female","Active_Noninjection",301
"Post-Naltrexone","68_69","Female","Active_Injection",422.49
"Post-Naltrexone","68_69","Female","Nonactive_Noninjection",201.97
"Post-Naltrexone","68_69","Female","Nonactive_Injection",306.67
"Post-Naltrexone","70_71","Male","Active_Noninjection",301
"Post-Naltrexone","70_71","Male","Active_Injection",422.49
"Post-Naltrexone","70_71","Male","Nonactive_Noninjection",201.97
"Post-Naltrexone","70_71","Male","Nonactive_Injection",306.67
"Post-Naltrexone","70_71","Female","Active_Noninjection",301
"Post-Naltrexone","70_71","Female","Active_Injection",422.49
"Post-Naltrexone","70_71","Female","Nonactive_Noninjection",201.97
"Post-Naltrexone","70_71","Female","Nonactive_Injection",306.67
"Post-Naltrexone","72_73","Male","Active_Noninjection",301
"Post-Naltrexone","72_73","Male","Active_Injection",422.49
"Post-Naltrexone","72_73","Male","Nonactive_Noninjection",201.97
"Post-Naltrexone","72_73","Male","Nonactive_Injection",306.67
"Post-Naltrexone","72_73","Female","Active_Noninjection",301
"Post-Naltrexone","72_73","Female","Active_Injection",422.49
"Post-Naltrexone","72_73","Female","Nonactive_Noninjection",201.97
"Post-Naltrexone","72_73","Female","Nonactive_Injection",306.67
"Post-Naltrexone","74_75","Male","Active_Noninjection",301
"Post-Naltrexone","74_75","Male","Active_Injection",422.49
"Post-Naltrexone","74_75","Male","Nonactive_Noninjection",201.97
"Post-Naltrexone","74_75","Male","Nonactive_Injection",306.67
"Post-Naltrexone","74_75","Female","Active_Noninjection",301
"Post-Naltrexone","74_75","Female","Active_Injection",422.49
"Post-Naltrexone","74_75","Female","Nonactive_Noninjection",201.97
"Post-Naltrexone","74_75","Female","Nonactive_Injection",306.67
"Post-Naltrexone","76_77","Male","Active_Noninjection",301
"Post-Naltrexone","76_77","Male","Active_Injection",422.49
"Post-Naltrexone","76_77","Male","Nonactive_Noninjection",201.97
"Post-Naltrexone","76_77","Male","Nonactive_Injection",306.67
"Post-Naltrexone","76_77","Female","Active_Noninjection",301
"Post-Naltrexone","76_77","Female","Active_Injection",422.49
"Post-Naltrexone","76_77","Female","Nonactive_Noninjection",201.97
"Post-Naltrexone","76_77","Female","Nonactive_Injection",306.67
"Post-Naltrexone","78_79","Male","Active_Noninjection",301
"Post-Naltrexone","78_79","Male","Active_Injection",422.49
"Post-Naltrexone","78_79","Male","Nonactive_Noninjection",201.97
"Post-Naltrexone","78_79","Male","Nonactive_Injection",306.67
"Post-Naltrexone","78_79","Female","Active_Noninjection",301
"Post-Naltrexone","78_79","Female","Active_Injection",422.49
"Post-Naltrexone","78_79","Female","Nonactive_Noninjection",201.97
"Post-Naltrexone","78_79","Female","Nonactive_Injection",306.67
"Post-Naltrexone","80_81","Male","Active_Noninjection",301
"Post-Naltrexone","80_81","Male","Active_Injection",422.49
"Post-Naltrexone","80_81","Male","Nonactive_Noninjection",201.97
"Post-Naltrexone","80_81","Male","Nonactive_Injection",306.67
"Post-Naltrexone","80_81","Female","Active_Noninjection",301
"Post-Naltrexone","80_81","Female","Active_Injection",422.49
"Post-Naltrexone","80_81","Female","Nonactive_Noninjection",201.97
"Post-Naltrexone","80_81","Female","Nonactive_Injection",306.67
"Post-Naltrexone","82_83","Male","Active_Noninjection",301
"Post-Naltrexone","82_83","Male","Active_Injection",422.49
"Post-Naltrexone","82_83","Male","Nonactive_Noninjection",201.97
"Post-Naltrexone","82_83","Male","Nonactive_Injection",306.67
"Post-Naltrexone","82_83","Female","Active_Noninjection",301
"Post-Naltrexone","82_83","Female","Active_Injection",422.49
"Post-Naltrexone","82_83","Female","Nonactive_Noninjection",201.97
"Post-Naltrexone","82_83","Female","Nonactive_Injection",306.67
"Post-Naltrexone","84_85","Male","Active_Noninjection",301
"Post-Naltrexone","84_85","Male","Active_Injection",422.49
"Post-Naltrexone","84_85","Male","Nonactive_Noninjection",201.97
"Post-Naltrexone","84_85","Male","Nonactive_Injection",306.67
"Post-Naltrexone","84_85","Female","Active_Noninjection",301
"Post-Naltrexone","84_85","Female","Active_Injection",422.49
"Post-Naltrexone","84_85","Female","Nonactive_Noninjection",201.97
"Post-Naltrexone","84_85","Female","Nonactive_Injection",306.67
"Post-Naltrexone","86_87","Male","Active_Noninjection",301
"Post-Naltrexone","86_87","Male","Active_Injection",422.49
"Post-Naltrexone","86_87","Male","Nonactive_Noninjection",201.97
"Post-Naltrexone","86_87","Male","Nonactive_Injection",306.67
"Post-Naltrexone","86_87","Female","Active_Noninjection",301
"Post-Naltrexone","86_87","Female","Active_Injection",422.49
"Post-Naltrexone","86_87","Female","Nonactive_Noninjection",201.97
"Post-Naltrexone","86_87","Female","Nonactive_Injection",306.67
"Post-Naltrexone","88_89","Male","Active_Noninjection",301
"Post-Naltrexone","88_89","Male","Active_Injection",422.49
"Post-Naltrexone","88_89","Male","Nonactive_Noninjection",201.97
"Post-Naltrexone","88_89","Male","Nonactive_Injection",306.67
"Post-Naltrexone","88_89","Female","Active_Noninjection",301
"Post-Naltrexone","88_89","Female","Active_Injection",422.49
"Post-Naltrexone","88_89","Female","Nonactive_Noninjection",201.97
"Post-Naltrexone","88_89","Female","Nonactive_Injection",306.67
"Post-Naltrexone","90_91","Male","Active_Noninjection",301
"Post-Naltrexone","90_91","Male","Active_Injection",422.49
"Post-Naltrexone","90_91","Male","Nonactive_Noninjection",201.97
"Post-Naltrexone","90_91","Male","Nonactive_Injection",306.67
"Post-Naltrexone","90_91","Female","Active_Noninjection",301
"Post-Naltrexone","90_91","Female","Active_Injection",422.49
"Post-Naltrexone","90_91","Female","Nonactive_Noninjection",201.97
"Post-Naltrexone","90_91","Female","Nonactive_Injection",306.67
"Post-Naltrexone","92_93","Male","Active_Noninjection",301
"Post-Naltrexone","92_93","Male","Active_Injection",422.49
"Post-Naltrexone","92_93","Male","Nonactive_Noninjection",201.97
"Post-Naltrexone","92_93","Male","Nonactive_Injection",306.67
"Post-Naltrexone","92_93","Female","Active_Noninjection",301
"Post-Naltrexone","92_93","Female","Active_Injection",422.49
"Post-Naltrexone","92_93","Female","Nonactive_Noninjection",201.97
"Post-Naltrexone","92_93","Female","Nonactive_Injection",306.67
"Post-Naltrexone","94_95","Male","Active_Noninjection",301
"Post-Naltrexone","94_95","Male","Active_Injection",422.49
"Post-Naltrexone","94_95","Male","Nonactive_Noninjection",201.97
"Post-Naltrexone","94_95","Male","Nonactive_Injection",306.67
"Post-Naltrexone","94_95","Female","Active_Noninjection",301
"Post-Naltrexone","94_95","Female","Active_Injection",422.49
"Post-Naltrexone","94_95","Female","Nonactive_Noninjection",201.97
"Post-Naltrexone","94_95","Female","Nonactive_Injection",306.67
"Post-Naltrexone","96_97","Male","Active_Noninjection",301
"Post-Naltrexone","96_97","Male","Active_Injection",422.49
"Post-Naltrexone","96_97","Male","Nonactive_Noninjection",201.97
"Post-Naltrexone","96_97","Male","Nonactive_Injection",306.67
"Post-Naltrexone","96_97","Female","Active_Noninjection",301
"Post-Naltrexone","96_97","Female","Active_Injection",422.49
"Post-Naltrexone","96_97","Female","Nonactive_Noninjection",201.97
"Post-Naltrexone","96_97","Female","Nonactive_Injection",306.67
"Post-Naltrexone","98_99","Male","Active_Noninjection",301
"Post-Naltrexone","98_99","Male","Active_Injection",422.49
"Post-Naltrexone","98_99","Male","Nonactive_Noninjection",201.97
"Post-Naltrexone","98_99","Male","Nonactive_Injection",306.67
"Post-Naltrexone","98_99","Female","Active_Noninjection",301
"Post-Naltrexone","98_99","Female","Active_Injection",422.49
"Post-Naltrexone","98_99","Female","Nonactive_Noninjection",201.97
"Post-Naltrexone","98_99","Female","Nonactive_Injection",306.67
"Post-Methadone","10_11","Male","Active_Noninjection",243
"Post-Methadone","10_11","Male","Active_Injection",355.96
"Post-Methadone","10_11","Male","Nonactive_Noninjection",162.22
"Post-Methadone","10_11","Male","Nonactive_Injection",260.11
"Post-Methadone","10_11","Female","Active_Noninjection",243
"Post-Methadone","10_11","Female","Active_Injection",355.96
"Post-Methadone","10_11","Female","Nonactive_Noninjection",162.22
"Post-Methadone","10_11","Female","Nonactive_Injection",260.11
"Post-Methadone","12_13","Male","Active_Noninjection",243
"Post-Methadone","12_13","Male","Active_Injection",355.96
"Post-Methadone","12_13","Male","Nonactive_Noninjection",162.22
"Post-Methadone","12_13","Male","Nonactive_Injection",260.11
"Post-Methadone","12_13","Female","Active_Noninjection",243
"Post-Methadone","12_13","Female","Active_Injection",355.96
"Post-Methadone","12_13","Female","Nonactive_Noninjection",162.22
"Post-Methadone","12_13","Female","Nonactive_Injection",260.11
"Post-Methadone","14_15","Male","Active_Noninjection",243
"Post-Methadone","14_15","Male","Active_Injection",355.96
"Post-Methadone","14_15","Male","Nonactive_Noninjection",162.22
"Post-Methadone","14_15","Male","Nonactive_Injection",260.11
"Post-Methadone","14_15","Female","Active_Noninjection",243
"Post-Methadone","14_15","Female","Active_Injection",355.96
"Post-Methadone","14_15","Female","Nonactive_Noninjection",162.22
"Post-Methadone","14_15","Female","Nonactive_Injection",260.11
"Post-Methadone","16_17","Male","Active_Noninjection",243
"Post-Methadone","16_17","Male","Active_Injection",355.96
"Post-Methadone","16_17","Male","Nonactive_Noninjection",162.22
"Post-Methadone","16_17","Male","Nonactive_Injection",260.11
"Post-Methadone","16_17","Female","Active_Noninjection",243
"Post-Methadone","16_17","Female","Active_Injection",355.96
"Post-Methadone","16_17","Female","Nonactive_Noninjection",162.22
"Post-Methadone","16_17","Female","Nonactive_Injection",260.11
"Post-Methadone","18_19","Male","Active_Noninjection",243
"Post-Methadone","18_19","Male","Active_Injection",355.96
"Post-Methadone","18_19","Male","Nonactive_Noninjection",162.22
"Post-Methadone","18_19","Male","Nonactive_Injection",260.11
"Post-Methadone","18_19","Female","Active_Noninjection",243
"Post-Methadone","18_19","Female","Active_Injection",355.96
"Post-Methadone","18_19","Female","Nonactive_Noninjection",162.22
"Post-Methadone","18_19","Female","Nonactive_Injection",260.11
"Post-Methadone","20_21","Male","Active_Noninjection",243
"Post-Methadone","20_21","Male","Active_Injection",355.96
"Post-Methadone","20_21","Male","Nonactive_Noninjection",162.22
"Post-Methadone","20_21","Male","Nonactive_Injection",260.11
"Post-Methadone","20_21","Female","Active_Noninjection",243
"Post-Methadone","20_21","Female","Active_Injection",355.96
"Post-Methadone","20_21","Female","Nonactive_Noninjection",162.22
"Post-Methadone","20_21","Female","Nonactive_Injection",260.11
"Post-Methadone","22_23","Male","Active_Noninjection",243
"Post-Methadone","22_23","Male","Active_Injection",355.96
"Post-Methadone","22_23","Male","Nonactive_Noninjection",162.22
"Post-Methadone","22_23","Male","Nonactive_Injection",260.11
"Post-Methadone","22_23","Female","Active_Noninjection",243
"Post-Methadone","22_23","Female","Active_Injection",355.96
"Post-Methadone","22_23","Female","Nonactive_Noninjection",162.22
"Post-Methadone","22_23","Female","Nonactive_Injection",260.11
"Post-Methadone","24_25","Male","Active_Noninjection",301.5
"Post-Methadone","24_25","Male","Active_Injection",426.14
"Post-Methadone","24_25","Male","Nonactive_Noninjection",207.635
"Post-Methadone","24_25","Male","Nonactive_Injection",317.065
"Post-Methadone","24_25","Female","Active_Noninjection",301.5
"Post-Methadone","24_25","Female","Active_Injection",426.14
"Post-Methadone","24_25","Female","Nonactive_Noninjection",207.635
"Post-Methadone","24_25","Female","Nonactive_Injection",317.065
"Post-Methadone","26_27","Male","Active_Noninjection",360
"Post-Methadone","26_27","Male","Active_Injection",496.32
"Post-Methadone","26_27","Male","Nonactive_Noninjection",253.05
"Post-Methadone","26_27","Male","Nonactive_Injection",374.02
"Post-Methadone","26_27","Female","Active_Noninjection",360
"Post-Methadone","26_27","Female","Active_Injection",496.32
"Post-Methadone","26_27","Female","Nonactive_Noninjection",253.05
"Post-Methadone","26_27","Female","Nonactive_Injection",374.02
"Post-Methadone","28_29","Male","Active_Noninjection",360
"Post-Methadone","28_29","Male","Active_Injection",496.32
"Post-Methadone","28_29","Male","Nonactive_Noninjection",253.05
"Post-Methadone","28_29","Male","Nonactive_Injection",374.02
"Post-Methadone","28_29","Female","Active_Noninjection",360
"Post-Methadone","28_29","Female","Active_Injection",496.32
"Post-Methadone","28_29","Female","Nonactive_Noninjection",253.05
"Post-Methadone","28_29","Female","Nonactive_Injection",374.02
"Post-Methadone","30_31","Male","Active_Noninjection",360
"Post-Methadone","30_31","Male","Active_Injection",496.32
"Post-Methadone","30_31","Male","Nonactive_Noninjection",253.05
"Post-Methadone","30_31","Male","Nonactive_Injection",374.02
"Post-Methadone","30_31","Female","Active_Noninjection",360
"Post-Methadone","30_31","Female","Active_Injection",496.32
"Post-Methadone","30_31","Female","Nonactive_Noninjection",253.05
"Post-Methadone","30_31","Female","Nonactive_Injection",374.02
"Post-Methadone","32_33","Male","Active_Noninjection",360
"Post-Methadone","32_33","Male","Active_Injection",496.32
"Post-Methadone","32_33","Male","Nonactive_Noninjection",253.05
"Post-Methadone","32_33","Male","Nonactive_Injection",374.02
"Post-Methadone","32_33","Female","Active_Noninjection",360
"Post-Methadone","32_33","Female","Active_Injection",496.32
"Post-Methadone","32_33","Female","Nonactive_Noninjection",253.05
"Post-Methadone","32_33","Female","Nonactive_Injection",374.02
"Post-Methadone","34_35","Male","Active_Noninjection",360
"Post-Methadone","34_35","Male","Active_Injection",496.32
"Post-Methadone","34_35","Male","Nonactive_Noninjection",253.05
"Post-Methadone","34_35","Male","Nonactive_Injection",374.02
"Post-Methadone","34_35","Female","Active_Noninjection",360
"Post-Methadone","34_35","Female","Active_Injection",496.32
"Post-Methadone","34_35","Female","Nonactive_Noninjection",253.05
"Post-Methadone","34_35","Female","Nonactive_Injection",374.02
"Post-Methadone","36_37","Male","Active_Noninjection",360
"Post-Methadone","36_37","Male","Active_Injection",496.32
"Post-Methadone","36_37","Male","Nonactive_Noninjection",253.05
"Post-Methadone","36_37","Male","Nonactive_Injection",374.02
"Post-Methadone","36_37","Female","Active_Noninjection",360
"Post-Methadone","36_37","Female","Active_Injection",496.32
"Post-Methadone","36_37","Female","Nonactive_Noninjection",253.05
"Post-Methadone","36_37","Female","Nonactive_Injection",374.02
"Post-Methadone","38_39","Male","Active_Noninjection",360
"Post-Methadone","38_39","Male","Active_Injection",496.32
"Post-Methadone","38_39","Male","Nonactive_Noninjection",253.05
"Post-Methadone","38_39","Male","Nonactive_Injection",374.02
"Post-Methadone","38_39","Female","Active_Noninjection",360
"Post-Methadone","38_39","Female","Active_Injection",496.32
"Post-Methadone","38_39","Female","Nonactive_Noninjection",253.05
"Post-Methadone","38_39","Female","Nonactive_Injection",374.02
"Post-Methadone","40_41","Male","Active_Noninjection",360
"Post-Methadone","40_41","Male","Active_Injection",496.32
"Post-Methadone","40_41","Male","Nonactive_Noninjection",253.05
"Post-Methadone","40_41","Male","Nonactive_Injection",374.02
"Post-Methadone","40_41","Female","Active_Noninjection",360
"Post-Methadone","40_41","Female","Active_Injection",496.32
"Post-Methadone","40_41","Female","Nonactive_Noninjection",253.05
"Post-Methadone","40_41","Female","Nonactive_Injection",374.02
"Post-Methadone","42_43","Male","Active_Noninjection",360
"Post-Methadone","42_43","Male","Active_Injection",496.32
"Post-Methadone","42_43","Male","Nonactive_Noninjection",253.05
"Post-Methadone","42_43","Male","Nonactive_Injection",374.02
"Post-Methadone","42_43","Female","Active_Noninjection",360
"Post-Methadone","42_43","Female","Active_Injection",496.32
"Post-Methadone","42_43","Female","Nonactive_Noninjection",253.05
"Post-Methadone","42_43","Female","Nonactive_Injection",374.02
"Post-Methadone","44_45","Male","Active_Noninjection",330.5
"Post-Methadone","44_45","Male","Active_Injection",459.405
"Post-Methadone","44_45","Male","Nonactive_Noninjection",227.51
"Post-Methadone","44_45","Male","Nonactive_Injection",340.345
"Post-Methadone","44_45","Female","Active_Noninjection",330.5
"Post-Methadone","44_45","Female","Active_Injection",459.405
"Post-Methadone","44_45","Female","Nonactive_Noninjection",227.51
"Post-Methadone","44_45","Female","Nonactive_Injection",340.345
"Post-Methadone","46_47","Male","Active_Noninjection",301
"Post-Methadone","46_47","Male","Active_Injection",422.49
"Post-Methadone","46_47","Male","Nonactive_Noninjection",201.97
"Post-Methadone","46_47","Male","Nonactive_Injection",306.67
"Post-Methadone","46_47","Female","Active_Noninjection",301
"Post-Methadone","46_47","Female","Active_Injection",422.49
"Post-Methadone","46_47","Female","Nonactive_Noninjection",201.97
"Post-Methadone","46_47","Female","Nonactive_Injection",306.67
"Post-Methadone","48_49","Male","Active_Noninjection",301
"Post-Methadone","48_49","Male","Active_Injection",422.49
"Post-Methadone","48_49","Male","Nonactive_Noninjection",201.97
"Post-Methadone","48_49","Male","Nonactive_Injection",306.67
"Post-Methadone","48_49","Female","Active_Noninjection",301
"Post-Methadone","48_49","Female","Active_Injection",422.49
"Post-Methadone","48_49","Female","Nonactive_Noninjection",201.97
"Post-Methadone","48_49","Female","Nonactive_Injection",306.67
"Post-Methadone","50_51","Male","Active_Noninjection",301
"Post-Methadone","50_51","Male","Active_Injection",422.49
"Post-Methadone","50_51","Male","Nonactive_Noninjection",201.97
"Post-Methadone","50_51","Male","Nonactive_Injection",306.67
"Post-Methadone","50_51","Female","Active_Noninjection",301
"Post-Methadone","50_51","Female","Active_Injection",422.49
"Post-Methadone","50_51","Female","Nonactive_Noninjection",201.97
"Post-Methadone","50_51","Female","Nonactive_Injection",306.67
"Post-Methadone","52_53","Male","Active_Noninjection",301
"Post-Methadone","52_53","Male","Active_Injection",422.49
"Post-Methadone","52_53","Male","Nonactive_Noninjection",201.97
"Post-Methadone","52_53","Male","Nonactive_Injection",306.67
"Post-Methadone","52_53","Female","Active_Noninjection",301
"Post-Methadone","52_53","Female","Active_Injection",422.49
"Post-Methadone","52_53","Female","Nonactive_Noninjection",201.97
"Post-Methadone","52_53","Female","Nonactive_Injection",306.67
"Post-Methadone","54_55","Male","Active_Noninjection",301
"Post-Methadone","54_55","Male","Active_Injection",422.49
"Post-Methadone","54_55","Male","Nonactive_Noninjection",201.97
"Post-Methadone","54_55","Male","Nonactive_Injection",306.67
"Post-Methadone","54_55","Female","Active_Noninjection",301
"Post-Methadone","54_55","Female","Active_Injection",422.49
"Post-Methadone","54_55","Female","Nonactive_Noninjection",201.97
"Post-Methadone","54_55","Female","Nonactive_Injection",306.67
"Post-Methadone","56_57","Male","Active_Noninjection",301
"Post-Methadone","56_57","Male","Active_Injection",422.49
"Post-Methadone","56_57","Male","Nonactive_Noninjection",201.97
"Post-Methadone","56_57","Male","Nonactive_Injection",306.67
"Post-Methadone","56_57","Female","Active_Noninjection",301
"Post-Methadone","56_57","Female","Active_Injection",422.49
"Post-Methadone","56_57","Female","Nonactive_Noninjection",201.97
"Post-Methadone","56_57","Female","Nonactive_Injection",306.67
"Post-Methadone","58_59","Male","Active_Noninjection",301
"Post-Methadone","58_59","Male","Active_Injection",422.49
"Post-Methadone","58_59","Male","Nonactive_Noninjection",201.97
"Post-Methadone","58_59","Male","Nonactive_Injection",306.67
"Post-Methadone","58_59","Female","Active_Noninjection",301
"Post-Methadone","58_59","Female","Active_Injection",422.49
"Post-Methadone","58_59","Female","Nonactive_Noninjection",201.97
"Post-Methadone","58_59","Female","Nonactive_Injection",306.67
"Post-Methadone","60_61","Male","Active_Noninjection",301
"Post-Methadone","60_61","Male","Active_Injection",422.49
"Post-Methadone","60_61","Male","Nonactive_Noninjection",201.97
"Post-Methadone","60_61","Male","Nonactive_Injection",306.67
"Post-Methadone","60_61","Female","Active_Noninjection",301
"Post-Methadone","60_61","Female","Active_Injection",422.49
"Post-Methadone","60_61","Female","Nonactive_Noninjection",201.97
"Post-Methadone","60_61","Female","Nonactive_Injection",306.67
"Post-Methadone","62_63","Male","Active_Noninjection",301
"Post-Methadone","62_63","Male","Active_Injection",422.49
"Post-Methadone","62_63","Male","Nonactive_Noninjection",201.97
"Post-Methadone","62_63","Male","Nonactive_Injection",306.67
"Post-Methadone","62_63","Female","Active_Noninjection",301
"Post-Methadone","62_63","Female","Active_Injection",422.49
"Post-Methadone","62_63","Female","Nonactive_Noninjection",201.97
"Post-Methadone","62_63","Female","Nonactive_Injection",306.67
"Post-Methadone","64_65","Male","Active_Noninjection",301
"Post-Methadone","64_65","Male","Active_Injection",422.49
"Post-Methadone","64_65","Male","Nonactive_Noninjection",201.97
"Post-Methadone","64_65","Male","Nonactive_Injection",306.67
"Post-Methadone","64_65","Female","Active_Noninjection",301
"Post-Methadone","64_65","Female","Active_Injection",422.49
"Post-Methadone","64_65","Female","Nonactive_Noninjection",201.97
"Post-Methadone","64_65","Female","Nonactive_Injection",306.67
"Post-Methadone","66_67","Male","Active_Noninjection",301
"Post-Methadone","66_67","Male","Active_Injection",422.49
"Post-Methadone","66_67","Male","Nonactive_Noninjection",201.97
"Post-Methadone","66_67","Male","Nonactive_Injection",306.67
"Post-Methadone","66_67","Female","Active_Noninjection",301
"Post-Methadone","66_67","Female","Active_Injection",422.49
"Post-Methadone","66_67","Female","Nonactive_Noninjection",201.97
"Post-Methadone","66_67","Female","Nonactive_Injection",306.67
"Post-Methadone","68_69","Male","Active_Noninjection",301
"Post-Methadone","68_69","Male","Active_Injection",422.49
"Post-Methadone","68_69","Male","Nonactive_Noninjection",201.97
"Post-Methadone","68_69","Male","Nonactive_Injection",306.67
"Post-Methadone","68_69","Female","Active_Noninjection",301
"Post-Methadone","68_69","Female","Active_Injection",422.49
"Post-Methadone","68_69","Female","Nonactive_Noninjection",201.97
"Post-Methadone","68_69","Female","Nonactive_Injection",306.67
"Post-Methadone","70_71","Male","Active_Noninjection",301
"Post-Methadone","70_71","Male","Active_Injection",422.49
"Post-Methadone","70_71","Male","Nonactive_Noninjection",201.97
"Post-Methadone","70_71","Male","Nonactive_Injection",306.67
"Post-Methadone","70_71","Female","Active_Noninjection",301
"Post-Methadone","70_71","Female","Active_Injection",422.49
"Post-Methadone","70_71","Female","Nonactive_Noninjection",201.97
"Post-Methadone","70_71","Female","Nonactive_Injection",306.67
"Post-Methadone","72_73","Male","Active_Noninjection",301
"Post-Methadone","72_73","Male","Active_Injection",422.49
"Post-Methadone","72_73","Male","Nonactive_Noninjection",201.97
"Post-Methadone","72_73","Male","Nonactive_Injection",306.67
"Post-Methadone","72_73","Female","Active_Noninjection",301
"Post-Methadone","72_73","Female","Active_Injection",422.49
"Post-Methadone","72_73","Female","Nonactive_Noninjection",201.97
"Post-Methadone","72_73","Female","Nonactive_Injection",306.67
"Post-Methadone","74_75","Male","Active_Noninjection",301
"Post-Methadone","74_75","Male","Active_Injection",422.49
"Post-Methadone","74_75","Male","Nonactive_Noninjection",201.97
"Post-Methadone","74_75","Male","Nonactive_Injection",306.67
"Post-Methadone","74_75","Female","Active_Noninjection",301
"Post-Methadone","74_75","Female","Active_Injection",422.49
"Post-Methadone","74_75","Female","Nonactive_Noninjection",201.97
"Post-Methadone","74_75","Female","Nonactive_Injection",306.67
"Post-Methadone","76_77","Male","Active_Noninjection",301
"Post-Methadone","76_77","Male","Active_Injection",422.49
"Post-Methadone","76_77","Male","Nonactive_Noninjection",201.97
"Post-Methadone","76_77","Male","Nonactive_Injection",306.67
"Post-Methadone","76_77","Female","Active_Noninjection",301
"Post-Methadone","76_77","Female","Active_Injection",422.49
"Post-Methadone","76_77","Female","Nonactive_Noninjection",201.97
"Post-Methadone","76_77","Female","Nonactive_Injection",306.67
"Post-Methadone","78_79","Male","Active_Noninjection",301
"Post-Methadone","78_79","Male","Active_Injection",422.49
"Post-Methadone","78_79","Male","Nonactive_Noninjection",201.97
"Post-Methadone","78_79","Male","Nonactive_Injection",306.67
"Post-Methadone","78_79","Female","Active_Noninjection",301
"Post-Methadone","78_79","Female","Active_Injection",422.49
"Post-Methadone","78_79","Female","Nonactive_Noninjection",201.97
"Post-Methadone","78_79","Female","Nonactive_Injection",306.67
"Post-Methadone","80_81","Male","Active_Noninjection",301
"Post-Methadone","80_81","Male","Active_Injection",422.49
"Post-Methadone","80_81","Male","Nonactive_Noninjection",201.97
"Post-Methadone","80_81","Male","Nonactive_Injection",306.67
"Post-Methadone","80_81","Female","Active_Noninjection",301
"Post-Methadone","80_81","Female","Active_Injection",422.49
"Post-Methadone","80_81","Female","Nonactive_Noninjection",201.97
"Post-Methadone","80_81","Female","Nonactive_Injection",306.67
"Post-Methadone","82_83","Male","Active_Noninjection",301
"Post-Methadone","82_83","Male","Active_Injection",422.49
"Post-Methadone","82_83","Male","Nonactive_Noninjection",201.97
"Post-Methadone","82_83","Male","Nonactive_Injection",306.67
"Post-Methadone","82_83","Female","Active_Noninjection",301
"Post-Methadone","82_83","Female","Active_Injection",422.49
"Post-Methadone","82_83","Female","Nonactive_Noninjection",201.97
"Post-Methadone","82_83","Female","Nonactive_Injection",306.67
"Post-Methadone","84_85","Male","Active_Noninjection",301
"Post-Methadone","84_85","Male","Active_Injection",422.49
"Post-Methadone","84_85","Male","Nonactive_Noninjection",201.97
"Post-Methadone","84_85","Male","Nonactive_Injection",306.67
"Post-Methadone","84_85","Female","Active_Noninjection",301
"Post-Methadone","84_85","Female","Active_Injection",422.49
"Post-Methadone","84_85","Female","Nonactive_Noninjection",201.97
"Post-Methadone","84_85","Female","Nonactive_Injection",306.67
"Post-Methadone","86_87","Male","Active_Noninjection",301
"Post-Methadone","86_87","Male","Active_Injection",422.49
"Post-Methadone","86_87","Male","Nonactive_Noninjection",201.97
"Post-Methadone","86_87","Male","Nonactive_Injection",306.67
"Post-Methadone","86_87","Female","Active_Noninjection",301
"Post-Methadone","86_87","Female","Active_Injection",422.49
"Post-Methadone","86_87","Female","Nonactive_Noninjection",201.97
"Post-Methadone","86_87","Female","Nonactive_Injection",306.67
"Post-Methadone","88_89","Male","Active_Noninjection",301
"Post-Methadone","88_89","Male","Active_Injection",422.49
"Post-Methadone","88_89","Male","Nonactive_Noninjection",201.97
"Post-Methadone","88_89","Male","Nonactive_Injection",306.67
"Post-Methadone","88_89","Female","Active_Noninjection",301
"Post-Methadone","88_89","Female","Active_Injection",422.49
"Post-Methadone","88_89","Female","Nonactive_Noninjection",201.97
"Post-Methadone","88_89","Female","Nonactive_Injection",306.67
"Post-Methadone","90_91","Male","Active_Noninjection",301
"Post-Methadone","90_91","Male","Active_Injection",422.49
"Post-Methadone","90_91","Male","Nonactive_Noninjection",201.97
"Post-Methadone","90_91","Male","Nonactive_Injection",306.67
"Post-Methadone","90_91","Female","Active_Noninjection",301
"Post-Methadone","90_91","Female","Active_Injection",422.49
"Post-Methadone","90_91","Female","Nonactive_Noninjection",201.97
"Post-Methadone","90_91","Female","Nonactive_Injection",306.67
"Post-Methadone","92_93","Male","Active_Noninjection",301
"Post-Methadone","92_93","Male","Active_Injection",422.49
"Post-Methadone","92_93","Male","Nonactive_Noninjection",201.97
"Post-Methadone","92_93","Male","Nonactive_Injection",306.67
"Post-Methadone","92_93","Female","Active_Noninjection",301
"Post-Methadone","92_93","Female","Active_Injection",422.49
"Post-Methadone","92_93","Female","Nonactive_Noninjection",201.97
"Post-Methadone","92_93","Female","Nonactive_Injection",306.67
"Post-Methadone","94_95","Male","Active_Noninjection",301
"Post-Methadone","94_95","Male","Active_Injection",422.49
"Post-Methadone","94_95","Male","Nonactive_Noninjection",201.97
"Post-Methadone","94_95","Male","Nonactive_Injection",306.67
"Post-Methadone","94_95","Female","Active_Noninjection",301
"Post-Methadone","94_95","Female","Active_Injection",422.49
"Post-Methadone","94_95","Female","Nonactive_Noninjection",201.97
"Post-Methadone","94_95","Female","Nonactive_Injection",306.67
"Post-Methadone","96_97","Male","Active_Noninjection",301
"Post-Methadone","96_97","Male","Active_Injection",422.49
"Post-Methadone","96_97","Male","Nonactive_Noninjection",201.97
"Post-Methadone","96_97","Male","Nonactive_Injection",306.67
"Post-Methadone","96_97","Female","Active_Noninjection",301
"Post-Methadone","96_97","Female","Active_Injection",422.49
"Post-Methadone","96_97","Female","Nonactive_Noninjection",201.97
"Post-Methadone","96_97","Female","Nonactive_Injection",306.67
"Post-Methadone","98_99","Male","Active_Noninjection",301
"Post-Methadone","98_99","Male","Active_Injection",422.49
"Post-Methadone","98_99","Male","Nonactive_Noninjection",201.97
"Post-Methadone","98_99","Male","Nonactive_Injection",306.67
"Post-Methadone","98_99","Female","Active_Noninjection",301
"Post-Methadone","98_99","Female","Active_Injection",422.49
"Post-Methadone","98_99","Female","Nonactive_Noninjection",201.97
"Post-Methadone","98_99","Female","Nonactive_Injection",306.67
"Post-Detox","10_11","Male","Active_Noninjection",243
"Post-Detox","10_11","Male","Active_Injection",355.96
"Post-Detox","10_11","Male","Nonactive_Noninjection",162.22
"Post-Detox","10_11","Male","Nonactive_Injection",260.11
"Post-Detox","10_11","Female","Active_Noninjection",243
"Post-Detox","10_11","Female","Active_Injection",355.96
"Post-Detox","10_11","Female","Nonactive_Noninjection",162.22
"Post-Detox","10_11","Female","Nonactive_Injection",260.11
"Post-Detox","12_13","Male","Active_Noninjection",243
"Post-Detox","12_13","Male","Active_Injection",355.96
"Post-Detox","12_13","Male","Nonactive_Noninjection",162.22
"Post-Detox","12_13","Male","Nonactive_Injection",260.11
"Post-Detox","12_13","Female","Active_Noninjection",243
"Post-Detox","12_13","Female","Active_Injection",355.96
"Post-Detox","12_13","Female","Nonactive_Noninjection",162.22
"Post-Detox","12_13","Female","Nonactive_Injection",260.11
"Post-Detox","14_15","Male","Active_Noninjection",243
"Post-Detox","14_15","Male","Active_Injection",355.96
"Post-Detox","14_15","Male","Nonactive_Noninjection",162.22
"Post-Detox","14_15","Male","Nonactive_Injection",260.11
"Post-Detox","14_15","Female","Active_Noninjection",243
"Post-Detox","14_15","Female","Active_Injection",355.96
"Post-Detox","14_15","Female","Nonactive_Noninjection",162.22
"Post-Detox","14_15","Female","Nonactive_Injection",260.11
"Post-Detox","16_17","Male","Active_Noninjection",243
"Post-Detox","16_17","Male","Active_Injection",355.96
"Post-Detox","16_17","Male","Nonactive_Noninjection",162.22
"Post-Detox","16_17","Male","Nonactive_Injection",260.11
"Post-Detox","16_17","Female","Active_Noninjection",243
"Post-Detox","16_17","Female","Active_Injection",355.96
"Post-Detox","16_17","Female","Nonactive_Noninjection",162.22
"Post-Detox","16_17","Female","Nonactive_Injection",260.11
"Post-Detox","18_19","Male","Active_Noninjection",243
"Post-Detox","18_19","Male","Active_Injection",355.96
"Post-Detox","18_19","Male","Nonactive_Noninjection",162.22
"Post-Detox","18_19","Male","Nonactive_Injection",260.11
"Post-Detox","18_19","Female","Active_Noninjection",243
"Post-Detox","18_19","Female","Active_Injection",355.96
"Post-Detox","18_19","Female","Nonactive_Noninjection",162.22
"Post-Detox","18_19","Female","Nonactive_Injection",260.11
"Post-Detox","20_21","Male","Active_Noninjection",243
"Post-Detox","20_21","Male","Active_Injection",355.96
"Post-Detox","20_21","Male","Nonactive_Noninjection",162.22
"Post-Detox","20_21","Male","Nonactive_Injection",260.11
"Post-Detox","20_21","Female","Active_Noninjection",243
"Post-Detox","20_21","Female","Active_Injection",355.96
"Post-Detox","20_21","Female","Nonactive_Noninjection",162.22
"Post-Detox","20_21","Female","Nonactive_Injection",260.11
"Post-Detox","22_23","Male","Active_Noninjection",243
"Post-Detox","22_23","Male","Active_Injection",355.96
"Post-Detox","22_23","Male","Nonactive_Noninjection",162.22
"Post-Detox","22_23","Male","Nonactive_Injection",260.11
"Post-Detox","22_23","Female","Active_Noninjection",243
"Post-Detox","22_23","Female","Active_Injection",355.96
"Post-Detox","22_23","Female","Nonactive_Noninjection",162.22
"Post-Detox","22_23","Female","Nonactive_Injection",260.11
"Post-Detox","24_25","Male","Active_Noninjection",301.5
"Post-Detox","24_25","Male","Active_Injection",426.14
"Post-Detox","24_25","Male","Nonactive_Noninjection",207.635
"Post-Detox","24_25","Male","Nonactive_Injection",317.065
"Post-Detox","24_25","Female","Active_Noninjection",301.5
"Post-Detox","24_25","Female","Active_Injection",426.14
"Post-Detox","24_25","Female","Nonactive_Noninjection",207.635
"Post-Detox","24_25","Female","Nonactive_Injection",317.065
"Post-Detox","26_27","Male","Active_Noninjection",360
"Post-Detox","26_27","Male","Active_Injection",496.32
"Post-Detox","26_27","Male","Nonactive_Noninjection",253.05
"Post-Detox","26_27","Male","Nonactive_Injection",374.02
"Post-Detox","26_27","Female","Active_Noninjection",360
"Post-Detox","26_27","Female","Active_Injection",496.32
"Post-Detox","26_27","Female","Nonactive_Noninjection",253.05
"Post-Detox","26_27","Female","Nonactive_Injection",374.02
"Post-Detox","28_29","Male","Active_Noninjection",360
"Post-Detox","28_29","Male","Active_Injection",496.32
"Post-Detox","28_29","Male","Nonactive_Noninjection",253.05
"Post-Detox","28_29","Male","Nonactive_Injection",374.02
"Post-Detox","28_29","Female","Active_Noninjection",360
"Post-Detox","28_29","Female","Active_Injection",496.32
"Post-Detox","28_29","Female","Nonactive_Noninjection",253.05
"Post-Detox","28_29","Female","Nonactive_Injection",374.02
"Post-Detox","30_31","Male","Active_Noninjection",360
"Post-Detox","30_31","Male","Active_Injection",496.32
"Post-Detox","30_31","Male","Nonactive_Noninjection",253.05
"Post-Detox","30_31","Male","Nonactive_Injection",374.02
"Post-Detox","30_31","Female","Active_Noninjection",360
"Post-Detox","30_31","Female","Active_Injection",496.32
"Post-Detox","30_31","Female","Nonactive_Noninjection",253.05
"Post-Detox","30_31","Female","Nonactive_Injection",374.02
"Post-Detox","32_33","Male","Active_Noninjection",360
"Post-Detox","32_33","Male","Active_Injection",496.32
"Post-Detox","32_33","Male","Nonactive_Noninjection",253.05
"Post-Detox","32_33","Male","Nonactive_Injection",374.02
"Post-Detox","32_33","Female","Active_Noninjection",360
"Post-Detox","32_33","Female","Active_Injection",496.32
"Post-Detox","32_33","Female","Nonactive_Noninjection",253.05
"Post-Detox","32_33","Female","Nonactive_Injection",374.02
"Post-Detox","34_35","Male","Active_Noninjection",360
"Post-Detox","34_35","Male","Active_Injection",496.32
"Post-Detox","34_35","Male","Nonactive_Noninjection",253.05
"Post-Detox","34_35","Male","Nonactive_Injection",374.02
"Post-Detox","34_35","Female","Active_Noninjection",360
"Post-Detox","34_35","Female","Active_Injection",496.32
"Post-Detox","34_35","Female","Nonactive_Noninjection",253.05
"Post-Detox","34_35","Female","Nonactive_Injection",374.02
"Post-Detox","36_37","Male","Active_Noninjection",360
"Post-Detox","36_37","Male","Active_Injection",496.32
"Post-Detox","36_37","Male","Nonactive_Noninjection",253.05
"Post-Detox","36_37","Male","Nonactive_Injection",374.02
"Post-Detox","36_37","Female","Active_Noninjection",360
"Post-Detox","36_37","Female","Active_Injection",496.32
"Post-Detox","36_37","Female","Nonactive_Noninjection",253.05
"Post-Detox","36_37","Female","Nonactive_Injection",374.02
"Post-Detox","38_39","Male","Active_Noninjection",360
"Post-Detox","38_39","Male","Active_Injection",496.32
"Post-Detox","38_39","Male","Nonactive_Noninjection",253.05
"Post-Detox","38_39","Male","Nonactive_Injection",374.02
"Post-Detox","38_39","Female","Active_Noninjection",360
"Post-Detox","38_39","Female","Active_Injection",496.32
"Post-Detox","38_39","Female","Nonactive_Noninjection",253.05
"Post-Detox","38_39","Female","Nonactive_Injection",374.02
"Post-Detox","40_41","Male","Active_Noninjection",360
"Post-Detox","40_41","Male","Active_Injection",496.32
"Post-Detox","40_41","Male","Nonactive_Noninjection",253.05
"Post-Detox","40_41","Male","Nonactive_Injection",374.02
"Post-Detox","40_41","Female","Active_Noninjection",360
"Post-Detox","40_41","Female","Active_Injection",496.32
"Post-Detox","40_41","Female","Nonactive_Noninjection",253.05
"Post-Detox","40_41","Female","Nonactive_Injection",374.02
"Post-Detox","42_43","Male","Active_Noninjection",360
"Post-Detox","42_43","Male","Active_Injection",496.32
"Post-Detox","42_43","Male","Nonactive_Noninjection",253.05
"Post-Detox","42_43","Male","Nonactive_Injection",374.02
"Post-Detox","42_43","Female","Active_Noninjection",360
"Post-Detox","42_43","Female","Active_Injection",496.32
"Post-Detox","42_43","Female","Nonactive_Noninjection",253.05
"Post-Detox","42_43","Female","Nonactive_Injection",374.02
"Post-Detox","44_45","Male","Active_Noninjection",330.5
"Post-Detox","44_45","Male","Active_Injection",459.405
"Post-Detox","44_45","Male","Nonactive_Noninjection",227.51
"Post-Detox","44_45","Male","Nonactive_Injection",340.345
"Post-Detox","44_45","Female","Active_Noninjection",330.5
"Post-Detox","44_45","Female","Active_Injection",459.405
"Post-Detox","44_45","Female","Nonactive_Noninjection",227.51
"Post-Detox","44_45","Female","Nonactive_Injection",340.345
"Post-Detox","46_47","Male","Active_Noninjection",301
"Post-Detox","46_47","Male","Active_Injection",422.49
"Post-Detox","46_47","Male","Nonactive_Noninjection",201.97
"Post-Detox","46_47","Male","Nonactive_Injection",306.67
"Post-Detox","46_47","Female","Active_Noninjection",301
"Post-Detox","46_47","Female","Active_Injection",422.49
"Post-Detox","46_47","Female","Nonactive_Noninjection",201.97
"Post-Detox","46_47","Female","Nonactive_Injection",306.67
"Post-Detox","48_49","Male","Active_Noninjection",301
"Post-Detox","48_49","Male","Active_Injection",422.49
"Post-Detox","48_49","Male","Nonactive_Noninjection",201.97
"Post-Detox","48_49","Male","Nonactive_Injection",306.67
"Post-Detox","48_49","Female","Active_Noninjection",301
"Post-Detox","48_49","Female","Active_Injection",422.49
"Post-Detox","48_49","Female","Nonactive_Noninjection",201.97
"Post-Detox","48_49","Female","Nonactive_Injection",306.67
"Post-Detox","50_51","Male","Active_Noninjection",301
"Post-Detox","50_51","Male","Active_Injection",422.49
"Post-Detox","50_51","Male","Nonactive_Noninjection",201.97
"Post-Detox","50_51","Male","Nonactive_Injection",306.67
"Post-Detox","50_51","Female","Active_Noninjection",301
"Post-Detox","50_51","Female","Active_Injection",422.49
"Post-Detox","50_51","Female","Nonactive_Noninjection",201.97
"Post-Detox","50_51","Female","Nonactive_Injection",306.67
"Post-Detox","52_53","Male","Active_Noninjection",301
"Post-Detox","52_53","Male","Active_Injection",422.49
"Post-Detox","52_53","Male","Nonactive_Noninjection",201.97
"Post-Detox","52_53","Male","Nonactive_Injection",306.67
"Post-Detox","52_53","Female","Active_Noninjection",301
"Post-Detox","52_53","Female","Active_Injection",422.49
"Post-Detox","52_53","Female","Nonactive_Noninjection",201.97
"Post-Detox","52_53","Female","Nonactive_Injection",306.67
"Post-Detox","54_55","Male","Active_Noninjection",301
"Post-Detox","54_55","Male","Active_Injection",422.49
"Post-Detox","54_55","Male","Nonactive_Noninjection",201.97
"Post-Detox","54_55","Male","Nonactive_Injection",306.67
"Post-Detox","54_55","Female","Active_Noninjection",301
"Post-Detox","54_55","Female","Active_Injection",422.49
"Post-Detox","54_55","Female","Nonactive_Noninjection",201.97
"Post-Detox","54_55","Female","Nonactive_Injection",306.67
"Post-Detox","56_57","Male","Active_Noninjection",301
"Post-Detox","56_57","Male","Active_Injection",422.49
"Post-Detox","56_57","Male","Nonactive_Noninjection",201.97
"Post-Detox","56_57","Male","Nonactive_Injection",306.67
"Post-Detox","56_57","Female","Active_Noninjection",301
"Post-Detox","56_57","Female","Active_Injection",422.49
"Post-Detox","56_57","Female","Nonactive_Noninjection",201.97
"Post-Detox","56_57","Female","Nonactive_Injection",306.67
"Post-Detox","58_59","Male","Active_Noninjection",301
"Post-Detox","58_59","Male","Active_Injection",422.49
"Post-Detox","58_59","Male","Nonactive_Noninjection",201.97
"Post-Detox","58_59","Male","Nonactive_Injection",306.67
"Post-Detox","58_59","Female","Active_Noninjection",301
"Post-Detox","58_59","Female","Active_Injection",422.49
"Post-Detox","58_59","Female","Nonactive_Noninjection",201.97
"Post-Detox","58_59","Female","Nonactive_Injection",306.67
"Post-Detox","60_61","Male","Active_Noninjection",301
"Post-Detox","60_61","Male","Active_Injection",422.49
"Post-Detox","60_61","Male","Nonactive_Noninjection",201.97
"Post-Detox","60_61","Male","Nonactive_Injection",306.67
"Post-Detox","60_61","Female","Active_Noninjection",301
"Post-Detox","60_61","Female","Active_Injection",422.49
"Post-Detox","60_61","Female","Nonactive_Noninjection",201.97
"Post-Detox","60_61","Female","Nonactive_Injection",306.67
"Post-Detox","62_63","Male","Active_Noninjection",301
"Post-Detox","62_63","Male","Active_Injection",422.49
"Post-Detox","62_63","Male","Nonactive_Noninjection",201.97
"Post-Detox","62_63","Male","Nonactive_Injection",306.67
"Post-Detox","62_63","Female","Active_Noninjection",301
"Post-Detox","62_63","Female","Active_Injection",422.49
"Post-Detox","62_63","Female","Nonactive_Noninjection",201.97
"Post-Detox","62_63","Female","Nonactive_Injection",306.67
"Post-Detox","64_65","Male","Active_Noninjection",301
"Post-Detox","64_65","Male","Active_Injection",422.49
"Post-Detox","64_65","Male","Nonactive_Noninjection",201.97
"Post-Detox","64_65","Male","Nonactive_Injection",306.67
"Post-Detox","64_65","Female","Active_Noninjection",301
"Post-Detox","64_65","Female","Active_Injection",422.49
"Post-Detox","64_65","Female","Nonactive_Noninjection",201.97
"Post-Detox","64_65","Female","Nonactive_Injection",306.67
"Post-Detox","66_67","Male","Active_Noninjection",301
"Post-Detox","66_67","Male","Active_Injection",422.49
"Post-Detox","66_67","Male","Nonactive_Noninjection",201.97
"Post-Detox","66_67","Male","Nonactive_Injection",306.67
"Post-Detox","66_67","Female","Active_Noninjection",301
"Post-Detox","66_67","Female","Active_Injection",422.49
"Post-Detox","66_67","Female","Nonactive_Noninjection",201.97
"Post-Detox","66_67","Female","Nonactive_Injection",306.67
"Post-Detox","68_69","Male","Active_Noninjection",301
"Post-Detox","68_69","Male","Active_Injection",422.49
"Post-Detox","68_69","Male","Nonactive_Noninjection",201.97
"Post-Detox","68_69","Male","Nonactive_Injection",306.67
"Post-Detox","68_69","Female","Active_Noninjection",301
"Post-Detox","68_69","Female","Active_Injection",422.49
"Post-Detox","68_69","Female","Nonactive_Noninjection",201.97
"Post-Detox","68_69","Female","Nonactive_Injection",306.67
"Post-Detox","70_71","Male","Active_Noninjection",301
"Post-Detox","70_71","Male","Active_Injection",422.49
"Post-Detox","70_71","Male","Nonactive_Noninjection",201.97
"Post-Detox","70_71","Male","Nonactive_Injection",306.67
"Post-Detox","70_71","Female","Active_Noninjection",301
"Post-Detox","70_71","Female","Active_Injection",422.49
"Post-Detox","70_71","Female","Nonactive_Noninjection",201.97
"Post-Detox","70_71","Female","Nonactive_Injection",306.67
"Post-Detox","72_73","Male","Active_Noninjection",301
"Post-Detox","72_73","Male","Active_Injection",422.49
"Post-Detox","72_73","Male","Nonactive_Noninjection",201.97
"Post-Detox","72_73","Male","Nonactive_Injection",306.67
"Post-Detox","72_73","Female","Active_Noninjection",301
"Post-Detox","72_73","Female","Active_Injection",422.49
"Post-Detox","72_73","Female","Nonactive_Noninjection",201.97
"Post-Detox","72_73","Female","Nonactive_Injection",306.67
"Post-Detox","74_75","Male","Active_Noninjection",301
"Post-Detox","74_75","Male","Active_Injection",422.49
"Post-Detox","74_75","Male","Nonactive_Noninjection",201.97
"Post-Detox","74_75","Male","Nonactive_Injection",306.67
"Post-Detox","74_75","Female","Active_Noninjection",301
"Post-Detox","74_75","Female","Active_Injection",422.49
"Post-Detox","74_75","Female","Nonactive_Noninjection",201.97
"Post-Detox","74_75","Female","Nonactive_Injection",306.67
"Post-Detox","76_77","Male","Active_Noninjection",301
"Post-Detox","76_77","Male","Active_Injection",422.49
"Post-Detox","76_77","Male","Nonactive_Noninjection",201.97
"Post-Detox","76_77","Male","Nonactive_Injection",306.67
"Post-Detox","76_77","Female","Active_Noninjection",301
"Post-Detox","76_77","Female","Active_Injection",422.49
"Post-Detox","76_77","Female","Nonactive_Noninjection",201.97
"Post-Detox","76_77","Female","Nonactive_Injection",306.67
"Post-Detox","78_79","Male","Active_Noninjection",301
"Post-Detox","78_79","Male","Active_Injection",422.49
"Post-Detox","78_79","Male","Nonactive_Noninjection",201.97
"Post-Detox","78_79","Male","Nonactive_Injection",306.67
"Post-Detox","78_79","Female","Active_Noninjection",301
"Post-Detox","78_79","Female","Active_Injection",422.49
"Post-Detox","78_79","Female","Nonactive_Noninjection",201.97
"Post-Detox","78_79","Female","Nonactive_Injection",306.67
"Post-Detox","80_81","Male","Active_Noninjection",301
"Post-Detox","80_81","Male","Active_Injection",422.49
"Post-Detox","80_81","Male","Nonactive_Noninjection",201.97
"Post-Detox","80_81","Male","Nonactive_Injection",306.67
"Post-Detox","80_81","Female","Active_Noninjection",301
"Post-Detox","80_81","Female","Active_Injection",422.49
"Post-Detox","80_81","Female","Nonactive_Noninjection",201.97
"Post-Detox","80_81","Female","Nonactive_Injection",306.67
"Post-Detox","82_83","Male","Active_Noninjection",301
"Post-Detox","82_83","Male","Active_Injection",422.49
"Post-Detox","82_83","Male","Nonactive_Noninjection",201.97
"Post-Detox","82_83","Male","Nonactive_Injection",306.67
"Post-Detox","82_83","Female","Active_Noninjection",301
"Post-Detox","82_83","Female","Active_Injection",422.49
"Post-Detox","82_83","Female","Nonactive_Noninjection",201.97
"Post-Detox","82_83","Female","Nonactive_Injection",306.67
"Post-Detox","84_85","Male","Active_Noninjection",301
"Post-Detox","84_85","Male","Active_Injection",422.49
"Post-Detox","84_85","Male","Nonactive_Noninjection",201.97
"Post-Detox","84_85","Male","Nonactive_Injection",306.67
"Post-Detox","84_85","Female","Active_Noninjection",301
"Post-Detox","84_85","Female","Active_Injection",422.49
"Post-Detox","84_85","Female","Nonactive_Noninjection",201.97
"Post-Detox","84_85","Female","Nonactive_Injection",306.67
"Post-Detox","86_87","Male","Active_Noninjection",301
"Post-Detox","86_87","Male","Active_Injection",422.49
"Post-Detox","86_87","Male","Nonactive_Noninjection",201.97
"Post-Detox","86_87","Male","Nonactive_Injection",306.67
"Post-Detox","86_87","Female","Active_Noninjection",301
"Post-Detox","86_87","Female","Active_Injection",422.49
"Post-Detox","86_87","Female","Nonactive_Noninjection",201.97
"Post-Detox","86_87","Female","Nonactive_Injection",306.67
"Post-Detox","88_89","Male","Active_Noninjection",301
"Post-Detox","88_89","Male","Active_Injection",422.49
"Post-Detox","88_89","Male","Nonactive_Noninjection",201.97
"Post-Detox","88_89","Male","Nonactive_Injection",306.67
"Post-Detox","88_89","Female","Active_Noninjection",301
"Post-Detox","88_89","Female","Active_Injection",422.49
"Post-Detox","88_89","Female","Nonactive_Noninjection",201.97
"Post-Detox","88_89","Female","Nonactive_Injection",306.67
"Post-Detox","90_91","Male","Active_Noninjection",301
"Post-Detox","90_91","Male","Active_Injection",422.49
"Post-Detox","90_91","Male","Nonactive_Noninjection",201.97
"Post-Detox","90_91","Male","Nonactive_Injection",306.67
"Post-Detox","90_91","Female","Active_Noninjection",301
"Post-Detox","90_91","Female","Active_Injection",422.49
"Post-Detox","90_91","Female","Nonactive_Noninjection",201.97
"Post-Detox","90_91","Female","Nonactive_Injection",306.67
"Post-Detox","92_93","Male","Active_Noninjection",301
"Post-Detox","92_93","Male","Active_Injection",422.49
"Post-Detox","92_93","Male","Nonactive_Noninjection",201.97
"Post-Detox","92_93","Male","Nonactive_Injection",306.67
"Post-Detox","92_93","Female","Active_Noninjection",301
"Post-Detox","92_93","Female","Active_Injection",422.49
"Post-Detox","92_93","Female","Nonactive_Noninjection",201.97
"Post-Detox","92_93","Female","Nonactive_Injection",306.67
"Post-Detox","94_95","Male","Active_Noninjection",301
"Post-Detox","94_95","Male","Active_Injection",422.49
"Post-Detox","94_95","Male","Nonactive_Noninjection",201.97
"Post-Detox","94_95","Male","Nonactive_Injection",306.67
"Post-Detox","94_95","Female","Active_Noninjection",301
"Post-Detox","94_95","Female","Active_Injection",422.49
"Post-Detox","94_95","Female","Nonactive_Noninjection",201.97
"Post-Detox","94_95","Female","Nonactive_Injection",306.67
"Post-Detox","96_97","Male","Active_Noninjection",301
"Post-Detox","96_97","Male","Active_Injection",422.49
"Post-Detox","96_97","Male","Nonactive_Noninjection",201.97
"Post-Detox","96_97","Male","Nonactive_Injection",306.67
"Post-Detox","96_97","Female","Active_Noninjection",301
"Post-Detox","96_97","Female","Active_Injection",422.49
"Post-Detox","96_97","Female","Nonactive_Noninjection",201.97
"Post-Detox","96_97","Female","Nonactive_Injection",306.67
"Post-Detox","98_99","Male","Active_Noninjection",301
"Post-Detox","98_99","Male","Active_Injection",422.49
"Post-Detox","98_99","Male","Nonactive_Noninjection",201.97
"Post-Detox","98_99","Male","Nonactive_Injection",306.67
"Post-Detox","98_99","Female","Active_Noninjection",301
"Post-Detox","98_99","Female","Active_Injection",422.49
"Post-Detox","98_99","Female","Nonactive_Noninjection",201.97
"Post-Detox","98_99","Female","Nonactive_Injection",306.67
